help
>>> Unknown command, type help for command list
>> config
{"speed":17,"turn_ratio":0.65,"medium_ratio":0.65,"sharp_ratio":-0.2,"xsharp_ratio":-0.6,"medium_speed":0.85,"sharp_speed":0.7,"hairpin_speed":0.85,"min_move_pwm":70,"algo":0,"pid_kp":40,"pid_ki":0,"pid_kd":5,"slew_rate":5000,"file_log":true,"threshold":[1200,1100,1000,1100,1000,1100,1300,1300],"white_ref":[690,770,610,580,900,860,970,980],"black_ref":[2400,2300,2000,2030,2200,2100,2300,2400]}
>> log dump
>>> log line format: E<dt> <patHex> <modeCode> <L> <R>[ <err>]  (H=heartbeat instead of E)
>>>   E行dt=ms since previous mode switch (not reset by heartbeats in between)
>>>   H行dt=ms since previous logged line (heartbeat cadence)
>>>   patHex=2-digit hex bitmask (bit7=CH8..bit0=CH1, 1=white); L/R=actual PWM sent; err=PID error (PID mode only)
>>> modeCode: 0=STRAIGHT 1/2=unused(旧mild档已移除) 3=MEDIUM_L 4=MEDIUM_R 5=SHARP_L 6=SHARP_R
>>>           7=HAIRPIN_L 8=HAIRPIN_R 9=CROSS A=LOST_L B=LOST_R C=LOST_STOP P=PID
>>> markers: >>> TRACK_ON t=<ms> / >>> PARAMS ... / >>> TRACK_OFF t=<ms> elapsed=<ms>ms duration=<ms>ms lines=<n>
>>>   elapsed=track on~off挂钟时长, duration=事件/心跳数据实际覆盖的时长(缓冲区提前写满时会比elapsed短)
>>> --- RAM log dump start (938 lines, most recent track on so far) ---
>>> TRACK_ON t=6849
>>> PARAMS speed=17 algo=BANGBANG turn_ratio=0.65 medium_ratio=0.65 sharp_ratio=-0.20 xsharp_ratio=-0.60 medspeed=0.85 shpspeed=0.70 hpspeed=0.85 minpwm=70 slew_rate=5000.0 pid_kp=40.00 pid_ki=0.00 pid_kd=5.00 thresh=[1200,1100,1000,1100,1000,1100,1300,1300] white=[690,770,610,580,900,860,970,980] black=[2400,2300,2000,2030,2200,2100,2300,2400]
E0 08 0 0 0
E175 18 9 108 108
E72 10 0 108 108
H500 10 0 108 108
E530 50 5 98 98
E2 10 0 108 108
E6 90 7 98 98
E6 70 5 68 70
E12 30 3 28 80
E4 38 9 48 100
E2 50 5 38 90
E2 30 3 48 91
E96 00 A 49 101
E168 10 0 -11 108
E128 18 9 108 108
E26 08 0 108 108
E142 0C 4 98 98
E246 02 6 70 -21
E289 0C 4 80 -11
E78 08 0 101 69
E4 18 9 108 89
E52 70 5 98 98
E6 F0 7 68 70
E116 00 A -54 80
H501 00 A -21 108
E597 80 7 -31 98
E380 60 5 -54 70
E2 E0 7 -64 70
E24 60 5 -54 70
E2 E0 7 -64 70
E34 60 5 -54 70
E10 F0 7 -31 70
E10 70 5 -54 70
E8 F0 7 -34 70
E12 70 5 -54 70
E14 D0 7 -31 70
E14 50 5 -54 70
E10 58 9 -11 80
E118 08 0 108 108
E4 48 9 108 108
E2 08 0 108 108
E8 48 9 108 108
E64 0C 4 98 98
E2 4C 9 108 108
E8 0C 4 98 98
E2 4C 9 108 108
E18 0C 4 98 98
E4 44 9 101 98
E2 04 4 91 88
E2 44 9 101 98
E234 80 7 98 98
E30 00 A -32 80
E8 80 7 -31 98
E4 00 A -31 98
E10 80 7 -31 98
E6 00 A -41 88
H500 00 A -21 108
E596 40 5 -21 98
E2 00 A -21 108
E40 80 7 -31 98
E6 00 A -41 88
E48 C0 7 -31 98
E2 40 5 -21 88
E2 00 A -21 98
E20 40 5 -21 98
E12 00 A -21 80
E6 40 5 -21 90
E168 00 A -21 108
E474 40 5 -21 98
E14 00 A -21 80
E20 40 5 -21 98
E6 00 A -21 88
E2 40 5 -21 78
E8 00 A -21 80
E16 40 5 -21 98
E12 00 A -21 80
E30 40 5 -21 98
E2 00 A -21 108
E28 C0 7 -31 98
E2 40 5 -21 88
E4 00 A -21 88
E44 40 5 -21 98
E22 00 A -21 80
E348 01 8 -11 98
E424 02 6 70 -54
E276 0C 4 80 -11
E76 1C 9 101 69
E131 F0 7 98 98
E104 00 A -54 80
E410 80 7 -31 98
E446 60 5 -21 70
E138 20 3 -11 80
E136 10 0 69 101
E16 18 9 108 108
E148 10 0 108 108
E102 30 3 98 98
E146 60 5 49 81
E322 20 3 59 91
E162 00 A 49 101
E6 20 3 39 98
E2 00 A 29 108
E56 10 0 -11 108
E94 18 9 108 108
E40 08 0 108 108
E124 0C 4 98 98
E190 06 6 81 49
E252 42 9 80 -11
E4 02 6 80 -11
E185 04 4 80 -11
E220 08 0 101 69
E116 18 9 108 108
E2 08 0 108 108
E2 18 9 108 108
E44 10 0 108 108
E66 00 B 108 98
E26 20 3 98 -11
E66 60 5 49 81
E110 C0 7 -31 70
E250 40 5 -54 70
E164 20 3 -11 80
E120 00 A 49 101
E16 10 0 -11 108
E130 18 9 108 108
E48 08 0 108 108
E224 18 9 108 108
E52 10 0 108 108
E26 30 3 98 98
E36 60 5 49 81
E60 E0 7 -31 70
E412 60 5 -54 70
E4 E0 7 -54 70
E10 60 5 -54 70
E6 E0 7 -44 70
E74 60 5 -54 70
E2 E0 7 -64 70
E10 60 5 -54 70
E18 20 3 -11 80
E6 60 5 -1 81
E4 20 3 -1 81
E2 A0 7 -11 71
E4 60 5 -21 70
E6 20 3 -11 80
E6 70 5 -1 81
E4 B0 7 -21 70
E6 30 3 -31 80
E2 B0 7 -41 70
E8 30 3 -54 80
E2 50 5 -44 70
E10 90 7 -31 70
E6 50 5 -41 70
E6 10 0 -11 80
E41 18 9 108 108
E3 10 0 108 108
E14 50 5 98 98
E4 10 0 98 98
E20 18 9 108 108
E14 10 0 108 108
E2 18 9 108 108
E86 08 0 108 108
E4 48 9 108 108
E6 08 0 108 108
E2 48 9 108 108
E34 08 0 108 108
E2 48 9 108 108
E4 08 0 108 108
E5 48 9 108 108
E1 08 0 108 108
E8 48 9 108 108
E20 08 0 108 108
E8 48 9 108 108
E12 08 0 108 108
E6 48 9 108 108
E2 08 0 108 108
E4 48 9 108 108
E6 08 0 108 108
E6 48 9 108 108
E8 0C 4 98 98
E6 4C 9 101 88
E4 0C 4 98 88
E353 08 0 101 69
E64 18 9 108 108
E56 F0 7 98 98
E90 00 A -54 80
H500 00 A -21 108
E650 80 7 -31 98
E190 40 5 -54 70
E128 20 3 -11 80
E66 00 A 49 101
E4 10 0 49 108
E40 18 9 108 108
E44 08 0 108 108
E25 0C 4 93 93
E57 0E 6 81 49
E48 03 8 70 -31
E138 00 B 80 -54
E24 01 8 98 -31
E12 00 B 80 -54
E6 01 8 90 -44
E304 02 6 70 -54
E222 04 4 80 -11
E206 4C 9 101 69
E2 0C 4 91 59
E38 08 0 101 69
E34 88 9 108 108
E2 08 0 108 108
E4 88 9 108 108
E4 08 0 108 108
E6 48 9 108 108
E4 08 0 108 108
E6 48 9 108 108
E2 08 0 108 108
E2 48 9 108 108
E6 08 0 108 108
E40 18 9 108 108
E76 10 0 108 108
E2 18 9 108 108
E4 10 0 108 108
E86 00 B 108 98
E36 20 3 98 -11
E81 60 5 -21 70
H500 60 5 -21 70
E528 20 3 -11 80
E120 00 A 49 101
E38 10 0 -11 108
E92 18 9 108 108
E26 08 0 108 108
E104 0C 4 98 98
E137 06 6 81 49
E430 04 4 80 -11
E108 08 0 101 69
E16 18 9 108 108
E60 70 5 98 98
E10 F0 7 48 70
E164 00 A -54 80
E255 80 7 -31 98
E430 40 5 -54 70
E20 E0 7 -31 70
E40 60 5 -54 70
E2 E0 7 -64 70
E18 60 5 -54 70
E10 E0 7 -31 70
E6 60 5 -41 70
E18 E0 7 -31 70
E10 60 5 -54 70
E4 E0 7 -54 70
E10 60 5 -54 70
E42 E0 7 -31 70
E4 60 5 -31 70
E4 E0 7 -31 70
E2 60 5 -21 70
E18 20 3 -11 80
E10 A0 7 19 81
E15 60 5 -26 70
E17 20 3 -11 80
E8 60 5 9 81
E62 D0 7 -31 70
E6 50 5 -41 70
E2 D0 7 -51 70
E2 50 5 -41 70
E4 D0 7 -41 70
E2 50 5 -31 70
E8 10 0 -11 80
E8 50 5 9 98
E4 10 0 9 98
E30 50 5 98 98
E4 10 0 98 98
E4 50 5 98 98
E2 10 0 108 108
E4 50 5 98 98
E8 10 0 78 80
E2 50 5 68 70
E8 10 0 48 80
E6 50 5 58 90
E6 58 9 48 80
E386 04 4 98 98
E12 44 9 101 69
E10 04 4 98 98
E4 44 9 101 98
E2 04 4 91 88
E6 44 9 101 78
E5 04 4 93 73
E5 44 9 101 69
E4 04 4 98 69
E4 44 9 101 69
E4 04 4 98 69
E4 44 9 101 69
E2 04 4 91 59
E2 06 6 81 49
E10 86 9 80 19
E6 06 6 90 29
E346 04 4 80 -11
E267 18 9 108 108
E62 F0 7 98 98
E96 60 5 -54 70
E22 00 A -21 80
H500 00 A -21 108
E662 80 7 -31 98
E227 40 5 -54 70
E138 20 3 -11 80
E90 00 A 49 101
E2 10 0 59 108
E68 18 9 108 108
E48 08 0 108 108
E52 0C 4 98 98
E96 06 6 81 49
E90 03 8 70 -31
E232 02 6 70 -54
E199 04 4 80 -11
E226 08 0 101 69
E144 18 9 108 108
E38 10 0 108 108
E76 00 B 108 98
E40 20 3 98 -11
E28 60 5 49 81
E2 20 3 59 91
E18 60 5 49 81
E4 20 3 49 81
E2 60 5 39 71
E38 E0 7 -31 70
E4 60 5 -31 70
E12 E0 7 -31 70
E2 60 5 -21 70
E50 E0 7 -31 70
E6 60 5 -41 70
E6 E0 7 -31 70
E92 C8 9 -54 80
E4 C0 7 -54 80
E18 40 5 -54 70
E4 C0 7 -54 70
E12 40 5 -54 70
E215 20 3 -11 80
E128 00 A 49 101
E16 10 0 -11 108
E106 00 A 98 108
E2 10 0 108 108
E12 18 9 108 108
E54 08 0 108 108
E128 0C 4 98 98
E146 06 6 81 49
E313 00 B 80 -21
E16 04 4 98 -11
E278 08 0 101 69
E76 18 9 108 108
E56 10 0 108 108
E28 70 5 98 98
E2 F0 7 88 88
E110 40 5 -54 70
E6 00 A -24 80
H501 00 A -21 108
E589 80 7 -31 98
E206 40 5 -54 70
E126 20 3 -11 80
E86 10 0 69 101
E54 18 9 108 108
E70 08 0 108 108
E52 0C 4 98 98
E66 4C 9 101 69
E6 0C 4 98 79
E6 4C 9 101 69
E2 0C 4 91 59
E6 44 9 101 69
E2 04 4 91 59
E6 44 9 101 69
E4 04 4 98 69
E8 44 9 101 69
E6 04 4 98 79
E2 46 9 108 89
E6 06 6 98 98
E4 46 9 98 98
E12 06 6 98 98
E6 46 9 88 88
E6 06 6 98 98
E16 42 9 80 38
E61 03 8 103 103
E26 41 9 80 -7
E10 01 8 98 23
E14 41 9 80 -27
E2 01 8 70 -37
E8 81 9 80 -54
E4 01 8 80 -54
E4 81 9 80 -54
E2 01 8 70 -64
E2 81 9 80 -54
E2 01 8 70 -64
E214 00 B 80 -54
E12 02 6 98 -21
E166 04 4 80 -11
E174 08 0 101 69
E2 0C 4 91 59
E2 08 0 101 69
E32 18 9 108 108
E74 F0 7 98 98
E160 40 5 -54 70
E22 00 A -21 80
H500 00 A -21 108
E522 80 7 -31 98
E258 40 5 -54 70
E152 20 3 -11 80
E140 00 A -21 108
E10 10 0 -11 108
E60 18 9 108 108
E26 08 0 108 108
E4 18 9 108 108
E2 08 0 108 108
E96 0C 4 98 98
E132 06 6 81 49
E154 03 8 70 -31
E114 02 6 70 -54
E202 04 4 80 -11
E201 08 0 108 108
E32 48 9 108 108
E2 08 0 108 108
E56 18 9 108 108
E54 10 0 108 108
E12 50 5 98 98
E10 10 0 68 80
E4 50 5 68 80
E2 10 0 78 90
E2 50 5 68 80
E2 10 0 78 90
E2 50 5 68 80
E4 10 0 68 80
E6 50 5 78 90
E2 10 0 88 100
E10 30 3 98 98
E64 60 5 49 81
E54 68 9 -11 80
E4 60 5 -11 80
E112 C0 7 -31 70
E130 40 5 -54 70
E194 20 3 -11 80
E108 00 A 49 101
E54 10 0 -11 108
E82 18 9 108 108
E9 08 0 108 108
E92 0C 4 98 98
E118 06 6 81 49
E142 03 8 70 -31
E132 02 6 70 -54
E190 04 4 80 -11
H501 0C 4 91 59
E625 08 0 101 69
E4 0C 4 98 69
E4 08 0 101 69
E292 18 9 108 108
E104 30 3 98 98
E8 70 5 58 81
E32 E0 7 -31 70
E160 00 A -54 80
E230 80 7 -31 98
E250 40 5 -54 70
E126 20 3 -11 80
E112 00 A 49 101
E14 10 0 -1 108
E124 18 9 108 108
E62 08 0 108 108
E311 0C 4 91 59
E272 08 0 101 69
E2 0C 4 91 59
E4 08 0 101 69
E140 18 9 108 108
E40 30 3 98 98
E2 70 5 88 88
E10 F0 7 38 70
E108 40 5 -54 70
E2 00 A -44 80
H501 00 A -21 108
E627 80 7 -31 98
E197 40 5 -49 70
E125 20 3 -11 80
E72 10 0 69 101
E40 18 9 108 108
E52 08 0 108 108
E24 0C 4 98 98
E66 06 6 81 49
E70 03 8 70 -64
E360 02 6 70 -54
E202 04 4 80 -11
E228 08 0 101 69
E158 18 9 108 108
E51 10 0 108 108
E70 00 B 108 98
E12 10 0 108 58
E2 00 B 108 48
E34 20 3 98 -11
E52 60 5 49 81
E2 20 3 59 91
E2 60 5 49 81
E2 20 3 59 91
E6 A0 7 49 81
E2 20 3 59 91
E2 60 5 49 81
E10 E0 7 -1 70
E2 60 5 -11 70
E64 E0 7 -31 70
E2 60 5 -21 70
E12 E0 7 -31 70
E4 60 5 -31 70
E2 E0 7 -41 70
E18 60 5 -54 70
E4 E0 7 -54 70
E4 60 5 -54 70
E4 48 9 -34 80
E4 40 5 -21 80
E424 20 3 -11 80
E124 00 A 49 101
E44 10 0 -11 108
E105 18 9 108 108
E26 08 0 108 108
E104 0C 4 98 98
E96 06 6 81 49
E438 00 B 80 -21
E2 04 4 90 -11
E212 08 0 101 69
E155 30 3 98 98
E6 F0 7 68 81
E122 40 5 -54 70
E8 00 A -21 80
H500 00 A -21 108
E532 80 7 -31 98
E224 40 5 -54 70
E138 20 3 -11 80
E96 00 A 49 101
E28 10 0 -11 108
E60 18 9 108 108
E50 08 0 108 108
E70 0C 4 98 98
E88 44 9 101 69
E4 04 4 98 69
E24 44 9 101 69
E10 04 4 98 98
E4 44 9 101 98
E6 04 4 98 98
E2 44 9 108 108
E8 06 6 98 98
E2 46 9 108 108
E2 06 6 98 98
E6 46 9 88 88
E2 06 6 78 78
E6 46 9 80 68
E2 06 6 70 58
E4 46 9 80 58
E2 06 6 70 48
E3 86 9 85 63
E3 06 6 80 58
E30 42 9 80 -11
E10 02 6 98 19
E14 42 9 80 -11
E6 02 6 90 -1
E18 42 9 80 -11
E12 02 6 98 29
E18 82 9 80 -11
E4 03 8 80 -11
E4 83 9 80 -11
E2 03 8 70 -21
E142 02 6 70 -54
E240 04 4 91 59
E122 08 0 101 69
E6 0C 4 98 79
E4 08 0 101 79
E46 18 9 108 108
E60 F0 7 98 98
E188 40 5 -54 70
E58 00 A -21 80
E382 80 7 -31 98
E296 40 5 -54 70
E166 20 3 -11 80
E92 00 A 49 101
E2 20 3 59 91
E14 00 A 49 101
E62 10 0 -16 108
E2 00 A -21 108
E6 10 0 -11 108
E58 18 9 108 108
E22 08 0 108 108
E122 0C 4 98 98
E162 06 6 81 49
H501 02 6 70 -21
E523 04 4 80 -11
E32 84 9 101 69
E14 04 4 98 98
E12 44 9 101 69
E2 04 4 91 59
E124 4C 9 101 69
E6 0C 4 98 79
E10 4C 9 101 69
E2 0C 4 91 59
E30 08 0 101 69
E102 18 9 108 108
E64 10 0 108 108
E52 00 B 108 98
E36 20 3 98 -11
E71 60 5 -21 70
E134 C0 7 -31 70
E170 40 5 -54 70
E178 20 3 -11 80
E104 00 A 49 101
E40 10 0 -11 108
E78 18 9 108 108
E36 08 0 108 108
E94 0C 4 98 98
E171 02 6 70 -21
E120 03 8 70 -31
E2 02 6 70 -21
E4 03 8 70 -31
E128 02 6 70 -54
E180 04 4 80 -11
E228 08 0 101 69
E12 18 9 108 108
E116 F0 7 98 98
E82 00 A -54 80
H500 00 A -21 108
E688 80 7 -31 98
E210 40 5 -54 70
E132 20 3 -11 80
E103 00 A -21 108
E1 10 0 -16 108
E74 18 9 108 108
E48 08 0 108 108
E60 0C 4 98 98
E140 06 6 81 49
E36 46 9 80 -11
E4 06 6 80 -11
E8 46 9 80 -11
E4 02 6 80 -11
E18 42 9 80 -11
E4 02 6 80 -11
E2 42 9 90 -1
E22 02 6 98 89
E2 82 9 108 99
E42 02 6 98 98
E2 82 9 108 108
E64 02 6 98 98
E4 83 9 98 98
E60 01 8 98 98
E256 00 B 80 -54
E22 02 6 98 -21
E284 0C 4 91 59
E20 08 0 101 69
E32 18 9 108 108
E78 F0 7 98 98
E168 00 A -54 80
H500 00 A -21 108
E588 80 7 -31 98
E266 40 5 -54 70
E138 20 3 -11 80
E94 00 A 49 101
E30 10 0 -11 108
E80 18 9 108 108
E36 08 0 108 108
E104 0C 4 98 98
E150 06 6 81 49
E501 04 4 80 -11
E216 08 0 101 69
E124 18 9 108 108
E46 10 0 108 108
E10 90 7 98 98
E2 10 0 108 108
E12 D0 7 98 98
E2 50 5 88 88
E2 10 0 98 98
E8 50 5 98 98
E6 10 0 88 88
E26 30 3 98 98
E2 10 0 108 108
E12 30 3 98 98
E26 60 5 49 81
E2 30 3 59 91
E2 60 5 49 81
E2 20 3 59 91
E4 60 5 49 81
E12 68 9 9 80
E49 60 5 -21 70
H500 60 5 -21 70
E516 20 3 -11 80
E126 00 A 49 101
E54 10 0 -11 108
E62 18 9 108 108
E34 08 0 108 108
E64 0C 4 98 98
E199 06 6 81 49
E306 04 4 80 -11
E216 08 0 101 69
E46 18 9 108 108
E68 F0 7 98 98
E66 00 A -59 75
H501 00 A -21 108
E683 40 5 -21 98
E2 00 A -21 108
E2 80 7 -31 98
E268 40 5 -54 70
E4 E0 7 -54 70
E6 60 5 -54 70
E4 E0 7 -54 70
E6 60 5 -54 70
E4 68 9 -34 80
E2 60 5 -24 70
E4 E0 7 -31 70
E2 60 5 -21 70
E4 E0 7 -31 70
E9 60 5 -46 70
E17 E0 7 -31 70
E14 60 5 -54 70
E64 20 3 -11 80
E8 70 5 9 81
E4 30 3 9 81
E8 70 5 29 81
E4 30 3 29 81
E18 10 0 69 101
E24 58 9 108 108
E100 0C 4 98 98
E4 4C 9 101 98
E30 0C 4 98 98
E28 4E 9 101 69
E2 0E 6 91 59
E30 46 9 80 -11
E2 06 6 70 -21
E4 46 9 80 -11
E2 06 6 70 -21
E8 42 9 80 -11
E4 02 6 80 -11
E14 03 8 70 -31
E2 43 9 80 -21
E6 03 8 90 -11
E10 43 9 80 -41
E24 03 8 98 59
E2 43 9 108 69
E2 03 8 98 59
E8 41 9 80 39
E6 01 8 90 49
E4 41 9 90 49
E2 01 8 80 39
E6 81 9 80 29
E12 01 8 98 69
E10 41 9 80 39
E4 01 8 80 39
E4 41 9 80 39
E20 01 8 98 98
E6 41 9 88 88
E2 01 8 78 78
E14 41 9 80 28
E6 01 8 90 38
E12 00 B 80 -21
E4 40 5 80 -11
E2 00 A 70 -1
E30 40 5 -21 98
E2 C0 7 -31 88
E6 00 A -41 80
E22 C0 7 -31 98
E4 00 A -31 98
E14 80 7 -31 98
E12 00 A -54 80
E10 80 7 -31 98
E6 00 A -41 88
E174 80 7 -31 98
E2 00 A -21 108
E10 80 7 -31 98
E4 00 A -31 98
E12 80 7 -31 98
E4 00 A -31 98
E2 80 7 -41 88
E10 00 A -54 80
E4 80 7 -54 80
E8 00 A -54 80
E10 80 7 -31 98
E32 00 A -54 80
E56 40 5 -21 98
E9 C0 7 -36 70
E5 40 5 -41 70
E8 00 A -21 80
E8 40 5 -21 98
E12 00 A -21 80
E12 40 5 -21 98
E12 C0 7 -31 70
E2 40 5 -21 70
E10 00 A -21 80
E10 40 5 -21 98
E8 00 A -21 80
E8 80 7 -31 98
E4 00 A -31 98
E6 40 5 -21 98
E8 00 A -21 80
E12 40 5 -21 98
E8 00 A -21 80
E16 40 5 -21 98
E10 00 A -21 80
E8 40 5 -21 98
E2 00 A -21 108
H501 00 A -21 108
H500 00 A -21 108
E1011 01 8 -11 98
E6 81 9 19 88
E8 01 8 59 98
E73 81 9 108 108
E2 01 8 103 103
E8 81 9 83 83
E2 01 8 73 73
E14 83 9 80 23
E4 03 8 80 23
E6 47 9 80 13
E148 F0 7 98 98
E402 C8 9 -54 80
E4 C0 7 -54 80
E44 40 5 -54 70
E152 20 3 -11 80
E130 00 A 49 101
E8 10 0 29 108
E116 18 9 108 108
E58 08 0 108 108
E356 18 9 108 108
E78 70 5 98 98
E10 F0 7 48 70
E116 00 A -54 80
E402 80 7 -31 98
E192 40 5 -54 70
E124 20 3 -11 80
E76 00 A 49 101
E14 10 0 -1 108
E56 18 9 108 108
E30 08 0 108 108
E52 0C 4 98 98
E78 06 6 81 49
E66 03 8 70 -31
E316 02 6 70 -54
E206 04 4 80 -11
E192 8C 9 101 69
E4 0C 4 98 69
E4 4C 9 101 69
E10 0C 4 98 98
E6 4C 9 101 88
E2 0C 4 91 78
E4 08 0 101 78
E114 18 9 108 108
E66 10 0 108 108
E70 00 B 108 98
E34 20 3 98 -11
E80 60 5 49 81
E171 C0 7 -31 70
E118 40 5 -54 70
E200 20 3 -11 80
E108 00 A 49 101
E42 10 0 -11 108
E78 18 9 108 108
E36 08 0 108 108
E98 0C 4 98 98
E140 06 6 81 49
H500 06 6 70 -21
E526 04 4 80 -11
E166 1C 9 101 69
E98 F0 7 98 98
E102 00 A -54 80
H500 00 A -21 108
E596 80 7 -31 98
E236 40 5 -54 70
E136 20 3 -11 80
E100 00 A 49 101
E6 10 0 39 108
E80 18 9 108 108
E114 08 0 108 108
E12 0C 4 98 98
E2 08 0 108 108
E6 0C 4 98 98
E38 4C 9 101 69
E4 0C 4 98 69
E10 4C 9 101 69
E22 0C 4 98 98
E2 4C 9 108 108
E116 06 6 98 98
E2 86 9 108 108
E8 02 6 98 98
E2 82 9 108 108
E4 02 6 98 98
E2 82 9 108 108
E10 02 6 98 98
E4 82 9 98 98
E4 02 6 98 98
E14 82 9 80 48
E2 02 6 70 38
E8 82 9 80 18
E6 02 6 90 28
E10 82 9 80 -2
E4 02 6 80 -2
E4 82 9 80 -2
E2 02 6 70 -12
E4 82 9 80 -11
E2 02 6 70 -21
E62 00 B 80 -21
E14 01 8 98 -31
E6 00 B 88 -41
E4 01 8 88 -41
E104 00 B 80 -54
E6 01 8 90 -44
E2 00 B 100 -34
E26 02 6 98 -21
E180 04 4 80 -11
E158 08 0 101 69
E14 88 9 108 108
E124 E0 7 -64 70
E14 60 5 -54 70
E30 00 A -21 80
E494 40 5 -21 98
E2 00 A -21 108
E58 40 5 -21 98
E56 00 A -21 80
E78 40 5 -21 98
E4 C0 7 -31 78
E12 40 5 -54 70
E10 00 A -21 80
E34 40 5 -21 98
E38 00 A -21 80
E10 01 8 -11 98
E10 41 9 39 68
E30 01 8 98 98
E12 41 9 80 58
E4 01 8 80 58
E2 41 9 90 68
E18 01 8 98 98
E2 41 9 108 108
E83 03 8 70 -64
E30 43 9 80 -54
E14 0B 8 98 -4
E2 4B 9 108 6
E4 0B 8 98 6
E2 4B 9 108 16
E22 03 8 98 98
E26 4B 9 80 -12
E190 0F 8 98 98
E60 1F 9 80 -54
H500 FF 9 108 108
H501 FF 9 108 108
H500 EC 9 108 108
H501 FF 9 108 108
H500 FF 9 108 108
H501 FF 9 108 108
H500 FF 9 108 108
>>> TRACK_OFF t=74575 elapsed=67726ms duration=67563ms lines=937
>>> --- RAM log dump end ---
>> 