log dump
>>> log line format: E<dt> <patHex> <modeCode> <L> <R>[ <err>]  (H=heartbeat instead of E)
>>>   E行dt=ms since previous mode switch (not reset by heartbeats in between)
>>>   H行dt=ms since previous logged line (heartbeat cadence)
>>>   patHex=2-digit hex bitmask (bit7=CH8..bit0=CH1, 1=white); L/R=actual PWM sent; err=PID error (PID mode only)
>>> modeCode: 0=STRAIGHT 1=LEFT(mild) 2=RIGHT(mild) 3=MEDIUM_L 4=MEDIUM_R 5=SHARP_L 6=SHARP_R
>>>           7=HAIRPIN_L 8=HAIRPIN_R 9=CROSS A=LOST_L B=LOST_R C=LOST_STOP P=PID
>>> markers: >>> TRACK_ON t=<ms> / >>> PARAMS ... / >>> TRACK_OFF t=<ms> elapsed=<ms>ms duration=<ms>ms lines=<n>
>>>   elapsed=track on~off挂钟时长, duration=事件/心跳数据实际覆盖的时长(缓冲区提前写满时会比elapsed短)
>>> --- RAM log dump start (899 lines, most recent track on so far) ---
>>> TRACK_ON t=31851
>>> PARAMS speed=17 algo=BANGBANG turn_ratio=0.65 medium_ratio=0.35 sharp_ratio=-0.40 xsharp_ratio=-0.60 slew_rate=5000.0 pid_kp=40.00 pid_ki=0.00 pid_kd=0.00 thresh=[1666,1580,1800,2000,1130,1040,1200,1200] white=[1111,1100,640,1280,560,580,690,600] black=[2600,2400,2200,2100,2100,2000,2300,2400]
E0 18 9 0 0
E257 08 2 108 98
E6 18 9 108 88
E2 08 2 108 78
E206 00 B 108 65
E114 20 3 98 -33
E82 60 5 27 98
E450 20 3 -33 80
E120 00 A 27 108
E62 08 2 -33 98
E30 18 9 108 85
E2 08 2 108 75
E12 18 9 108 85
E2 08 2 108 75
E56 0C 4 108 65
E290 06 6 98 27
E96 04 4 80 -33
E310 08 2 108 47
E60 18 9 108 85
E20 08 2 108 98
E24 00 B 108 65
E28 20 3 98 -33
E46 60 5 27 98
E64 C0 7 -53 70
E392 40 5 -54 70
E156 20 3 -33 80
E108 00 A 27 108
E72 08 2 -33 98
E22 18 9 77 85
E2 08 2 87 75
E2 18 9 97 85
E2 08 2 107 75
E68 0C 4 108 65
E2 08 2 108 75
E2 0C 4 108 65
E244 06 6 98 27
E160 04 4 80 -33
E294 08 2 108 47
E126 00 B 108 65
E64 20 3 98 -33
E68 60 5 27 98
E450 20 3 -33 80
E102 00 A 27 108
E26 08 2 -33 98
E30 18 9 108 85
E38 08 2 108 98
E6 0C 4 108 68
E94 0E 6 98 27
E42 0F 8 70 -53
E286 06 6 70 -54
E116 0C 4 80 -33
E282 08 2 108 47
E108 18 9 108 85
E2 08 2 108 75
E30 00 B 108 65
E84 20 3 98 -33
E80 60 5 27 98
E376 20 3 -33 80
E114 00 A 27 108
E26 08 2 -33 98
E32 18 9 108 85
E2 08 2 108 75
E2 18 9 108 85
E36 08 2 108 98
E10 0C 4 108 65
E102 0E 6 98 27
E30 0F 8 70 -53
E340 06 6 70 -54
E94 0C 4 80 -33
E2 0E 6 70 -43
E2 0C 4 80 -33
E304 08 2 108 47
E142 00 B 108 65
E2 08 2 108 75
E2 00 B 108 65
E62 20 3 98 -33
E2 00 A 88 -23
E2 20 3 78 -13
E56 60 5 27 98
E86 C0 7 -53 70
E382 40 5 -54 70
E226 20 3 -33 80
E130 00 A 27 108
E74 08 2 -33 98
E134 0C 4 108 65
E366 08 2 108 47
E2 0C 4 108 37
E2 08 2 108 47
E86 18 9 108 85
E2 08 2 108 75
E30 00 B 108 65
E44 20 3 98 -33
E64 60 5 27 98
E404 20 3 -33 80
E98 00 A 27 108
E32 08 2 -33 98
E24 18 9 87 85
E36 08 2 108 98
E2 18 9 108 108
E2 08 2 108 98
E10 0C 4 108 65
E4 08 2 108 65
E2 0C 4 108 55
E78 0E 6 98 27
E22 0F 8 70 -53
H500 03 8 70 -64
E584 06 6 70 -54
E178 04 4 80 -33
E308 08 2 108 47
E128 00 B 108 65
E88 20 3 98 -33
E70 60 5 27 98
E498 20 3 -33 80
E124 00 A 27 108
E58 08 2 -33 98
E84 0C 4 108 65
E2 08 2 108 75
E12 0C 4 108 65
H500 0C 4 108 37
E520 08 2 108 47
E26 18 9 108 85
E34 08 2 108 98
E10 28 9 108 85
E6 20 3 98 108
E12 60 5 38 98
E24 E0 7 -53 70
E110 00 A -54 80
E376 80 7 -53 98
E214 40 5 -54 70
E96 20 3 -33 80
E78 00 A 27 108
E68 08 2 -33 98
E2 00 B -23 88
E4 08 2 -3 75
E122 0C 4 108 65
E230 08 2 108 47
E78 18 9 108 85
E32 08 2 108 98
E4 18 9 108 98
E2 08 2 108 88
E16 00 B 108 65
E12 20 3 98 25
E40 60 5 27 98
E64 C0 7 -53 70
E338 40 5 -54 70
E170 20 3 -33 80
E114 00 A 27 108
E18 10 1 -33 108
E8 18 9 7 108
E76 08 2 108 98
E6 0C 4 108 68
E110 0E 6 98 27
E46 0F 8 70 -53
E342 02 6 70 -54
E120 04 4 80 -33
E264 08 2 108 47
E82 18 9 108 85
E2 08 2 108 75
E38 00 B 108 65
E4 08 2 108 65
E2 00 B 108 55
E62 20 3 98 -33
E88 60 5 27 98
E288 20 3 -33 80
E112 00 A 27 108
E8 08 2 7 98
E32 18 9 108 85
E54 0C 4 108 98
E44 0E 6 98 27
E4 0F 8 78 7
E452 0E 6 70 -54
E86 0C 4 80 -33
E342 08 2 108 47
E6 0C 4 108 57
E2 08 2 108 67
E142 18 9 108 85
E2 08 2 108 75
E18 00 B 108 65
E52 20 3 98 -33
E68 60 5 27 98
E70 C0 7 -53 70
E404 40 5 -54 70
E140 20 3 -33 80
E112 00 A 27 108
E68 08 2 -33 98
E32 18 9 108 85
E2 08 2 108 75
E100 0C 4 108 65
E2 08 2 108 75
E10 0C 4 108 65
E4 08 2 108 65
E2 0C 4 108 55
E196 08 2 108 47
E78 18 9 108 85
E24 08 2 108 98
E34 00 B 108 65
E6 20 3 98 55
E28 60 5 27 98
E28 E0 7 -53 70
E176 00 A -54 80
E90 80 7 -53 98
E278 60 5 -54 70
E100 20 3 -33 80
E120 00 A 27 108
E18 10 1 -33 108
E30 18 9 85 108
E2 10 1 75 108
E2 18 9 85 108
E122 08 2 108 98
E296 00 B 108 65
E58 20 3 98 -33
E64 60 5 27 98
E104 C0 7 -53 70
E196 40 5 -54 70
E162 20 3 -33 80
E108 00 A 27 108
E68 08 2 -33 98
E122 0C 4 108 65
E332 08 2 108 47
E20 0C 4 108 65
E2 08 2 108 75
E50 18 9 108 85
E26 08 2 108 98
E30 00 B 108 65
E24 20 3 98 -33
E44 60 5 27 98
E69 C0 7 -58 70
E351 40 5 -54 70
E144 20 3 -33 80
E106 00 A 32 108
E68 08 2 -33 98
E112 0C 4 108 65
H500 0C 4 108 37
E530 08 2 108 47
E50 18 9 108 85
E16 08 2 108 98
E2 18 9 108 108
E14 08 2 108 98
E22 00 B 108 65
E2 08 2 108 75
E2 00 B 108 65
E18 20 3 98 -5
E48 60 5 27 98
E70 C0 7 -53 70
E346 40 5 -54 70
E152 20 3 -33 80
E110 00 A 27 108
E68 08 2 -33 98
E106 0C 4 108 65
E306 06 6 98 27
E88 04 4 80 -33
E310 08 2 108 47
E16 18 9 108 85
E80 10 1 98 108
E12 00 A 65 108
E8 20 3 37 108
E50 60 5 27 98
E86 C0 7 -53 70
E260 40 5 -54 70
E142 20 3 -33 80
E98 00 A 27 108
E60 08 2 -33 98
E100 0C 4 108 65
E244 06 6 98 27
E170 04 4 80 -33
E272 08 2 108 47
E56 18 9 108 85
E2 08 2 108 75
E2 18 9 108 85
E2 08 2 108 75
E40 00 B 108 65
E24 20 3 98 -33
E42 60 5 27 98
E60 C0 7 -53 70
E382 40 5 -54 70
E170 20 3 -33 80
E120 00 A 27 108
E54 08 2 -33 98
E96 0C 4 108 65
E168 0E 6 98 27
E74 07 8 70 -53
E196 06 6 70 -54
E110 0C 4 80 -33
E334 08 2 108 47
E172 00 B 108 65
E82 20 3 98 -33
E72 60 5 27 98
E148 C0 7 -53 70
E144 40 5 -54 70
E214 20 3 -33 80
E120 00 A 27 108
E48 08 2 -33 98
E52 18 9 108 85
E2 08 2 108 75
E42 0C 4 108 65
E200 0E 6 98 27
E232 04 4 80 -33
E258 08 2 108 47
E112 18 9 108 85
E2 08 2 108 75
E18 00 B 108 65
E4 08 2 108 65
E2 00 B 108 55
E90 20 3 98 -33
E266 00 A 27 108
E10 08 2 -3 98
E38 18 9 108 85
E34 08 2 108 98
E24 0C 4 108 65
E196 06 6 98 27
E212 04 4 80 -33
E286 08 2 108 47
E108 00 B 108 65
E38 20 3 98 -33
E44 60 5 27 98
E66 C0 7 -53 70
E358 40 5 -54 70
E152 20 3 -33 80
E110 00 A 27 108
E74 08 2 -38 103
E104 0C 4 108 65
E290 06 6 98 27
E130 04 4 80 -33
E250 08 2 108 47
E56 18 9 108 85
E28 08 2 108 98
E30 00 B 108 65
E34 20 3 98 -33
E54 60 5 27 98
E82 C0 7 -53 70
E280 40 5 -54 70
E206 20 3 -33 80
E122 00 A 27 108
E64 08 2 -33 98
E24 18 9 87 85
E30 08 2 108 98
E56 0C 4 108 65
H500 0C 4 108 37
E710 08 2 108 47
E62 18 9 108 85
E10 08 2 108 98
E4 18 9 108 98
E2 08 2 108 88
E32 00 B 108 65
E24 20 3 98 -33
E48 60 5 27 98
E67 C0 7 -58 70
E365 40 5 -54 70
E160 20 3 -33 80
E110 00 A 27 108
E72 08 2 -33 98
E98 0C 4 108 65
E12 0D 8 98 27
E200 0E 6 70 -54
E98 1E 9 80 -33
E210 0C 4 108 98
E128 08 2 108 47
E10 0C 4 108 65
E2 08 2 108 75
E218 00 B 108 65
E70 20 3 98 -33
E72 60 5 27 98
E140 C0 7 -53 70
E100 40 5 -54 70
E204 20 3 -33 80
E112 00 A 27 108
E56 08 2 -33 98
E94 0C 4 108 65
E2 08 2 108 75
E4 0C 4 108 65
E210 0E 6 98 27
E276 04 4 80 -33
E250 08 2 108 47
E114 00 B 108 65
E70 20 3 98 -33
E72 60 5 27 98
E130 C0 7 -53 70
E206 40 5 -54 70
E214 20 3 -33 80
E6 28 9 -3 108
E2 20 3 7 108
E130 00 A 27 108
E2 10 1 37 108
E14 18 9 85 108
E108 08 2 108 98
E6 0C 4 108 68
E248 06 6 98 27
E206 04 4 75 -38
E266 08 2 108 47
E58 18 9 108 85
E16 08 2 108 98
E10 18 9 108 85
E2 08 2 108 75
E2 18 9 108 85
E2 08 2 108 75
E16 00 B 108 65
E24 20 3 98 -33
E48 60 5 27 98
E70 C0 7 -53 70
E342 40 5 -54 70
E162 20 3 -33 80
E118 00 A 27 108
E68 08 2 -33 98
E110 0C 4 108 65
H500 0C 4 108 37
E742 08 2 108 47
E8 0C 4 108 65
E2 08 2 108 75
E96 00 B 108 65
E30 20 3 98 -33
E48 60 5 27 98
E72 C0 7 -53 70
E332 40 5 -54 70
E194 20 3 -33 80
E116 00 A 27 108
E60 08 2 -33 98
E10 18 9 17 85
E2 08 2 27 75
E24 18 9 108 85
E2 08 2 108 75
E60 0C 4 108 65
E288 06 6 103 32
E50 04 4 80 -33
E276 08 2 108 47
E26 18 9 108 85
E36 08 2 108 98
E8 28 9 108 85
E12 20 3 98 108
E2 60 5 88 98
E18 E0 7 -2 70
E104 00 A -54 80
E498 80 7 -53 98
E294 40 5 -54 70
E150 20 3 -33 80
E108 00 A 27 108
E72 08 2 -33 98
E168 0C 4 108 65
E2 08 2 108 75
E152 18 9 108 85
E50 08 2 108 98
E32 00 B 108 65
E20 20 3 98 -15
E72 60 5 27 98
E114 C0 7 -53 70
E112 40 5 -54 70
E170 20 3 -33 80
E100 00 A 27 108
E66 08 2 -33 98
E100 0C 4 108 65
E280 06 6 98 27
E120 04 4 80 -33
E314 08 2 108 47
E58 18 9 108 85
E4 08 2 108 85
E2 18 9 108 95
E2 08 2 108 85
E34 00 B 108 65
E28 20 3 98 -33
E46 60 5 27 98
E70 C0 7 -53 70
E344 40 5 -54 70
E162 20 3 -33 80
E116 00 A 27 108
E60 08 2 -33 98
E16 18 9 47 85
E2 08 2 57 75
E16 18 9 108 85
E2 08 2 108 75
E6 18 9 108 85
E12 08 2 108 98
E52 0C 4 108 65
E248 0E 6 98 27
E214 04 4 80 -33
E288 08 2 108 47
E2 0C 4 108 37
E2 08 2 108 47
E114 00 B 108 65
E2 08 2 108 75
E2 00 B 108 65
E30 20 3 98 -33
E68 60 5 27 98
E104 C0 7 -53 70
E202 40 5 -54 70
E198 20 3 -33 80
E120 00 A 27 108
E50 08 2 -33 98
E22 18 9 77 85
E6 08 2 107 95
E2 18 9 108 105
E26 08 2 108 98
E36 0C 4 108 65
E130 0E 6 98 27
E82 07 8 70 -53
E152 02 6 70 -54
E178 04 4 80 -33
E262 08 2 108 47
E114 00 B 108 65
E44 20 3 98 -33
E56 60 5 27 98
E94 C0 7 -53 70
E256 40 5 -54 70
E230 20 3 -33 80
E128 00 A 27 108
E64 08 2 -33 98
E98 0C 4 108 65
E190 0E 6 98 27
E288 04 4 80 -33
E288 08 2 108 47
E82 18 9 108 85
E2 08 2 108 75
E36 00 B 108 65
E40 20 3 98 -33
E58 60 5 27 98
E90 C0 7 -53 70
E264 40 5 -54 70
E162 20 3 -33 80
E132 00 A 27 108
E76 08 2 -33 98
E148 0C 4 108 65
E182 08 2 108 47
E68 18 9 108 85
E44 08 2 108 98
E22 28 9 108 85
E4 20 3 98 105
E18 60 5 27 98
E32 E0 7 -53 70
E456 60 5 -54 70
E116 20 3 -33 80
E116 00 A 27 108
E2 08 2 37 98
E2 00 B 47 88
E78 08 2 108 -33
E112 00 B 108 65
E2 08 2 108 75
E2 00 B 108 65
E2 08 2 108 75
E2 00 B 108 65
E4 08 2 108 65
E4 00 B 108 65
E124 20 3 98 -33
E92 60 5 27 98
E302 20 3 -33 80
E122 00 A 27 108
E64 08 2 -33 98
E2 00 B -23 88
E2 08 2 -13 78
E28 18 9 108 85
E24 08 2 108 98
E58 0C 4 108 65
H500 0C 4 108 37
E712 08 2 108 47
E76 18 9 108 85
E2 08 2 108 75
E2 18 9 108 85
E2 08 2 108 75
E30 00 B 108 65
E34 20 3 98 -33
E46 60 5 27 98
E52 E0 7 -53 70
E478 40 5 -54 70
E138 20 3 -33 80
E118 00 A 27 108
E72 08 2 -33 98
E52 18 9 108 85
E2 08 2 108 75
E92 0C 4 108 65
E420 08 2 108 47
E2 0C 4 108 37
E2 08 2 108 47
E2 0C 4 108 37
E2 08 2 108 47
E164 00 B 108 65
E44 20 3 98 -33
E64 60 5 27 98
E112 C0 7 -53 70
E178 40 5 -54 70
E180 20 3 -33 80
E110 00 A 27 108
E54 08 2 -33 98
E2 00 B -23 88
E2 08 2 -13 78
E102 0C 4 108 65
H500 0C 4 108 37
E640 08 2 108 47
E12 18 9 108 85
E60 E0 7 98 98
E66 00 A -54 80
H500 00 A -43 108
E596 80 7 -53 98
E188 40 5 -54 70
E120 20 3 -33 80
E76 00 A 27 108
E24 08 2 -33 98
E2 00 B -23 88
E2 08 2 -13 78
E2 00 B -3 68
E4 08 2 17 68
E70 0C 4 108 65
E2 08 2 108 75
E4 0C 4 108 65
E142 0E 6 98 27
E114 03 8 70 -53
E80 02 6 70 -54
E184 0C 4 80 -33
E252 08 2 108 47
E56 18 9 108 85
E4 08 2 108 85
E42 00 B 108 65
E24 20 3 98 -33
E48 60 5 27 98
E66 C0 7 -53 70
E388 40 5 -54 70
E230 20 3 -33 80
E128 00 A 27 108
E68 08 2 -33 98
E2 00 B -23 88
E6 08 2 7 75
E110 0C 4 108 65
H500 04 4 108 37
E828 08 2 108 47
E46 18 9 108 85
E2 08 2 108 75
E12 18 9 108 85
E2 08 2 108 75
E30 88 9 108 85
E2 80 7 98 75
E84 E8 9 -54 80
E2 E0 7 -64 70
E6 E8 9 -54 80
E248 C0 7 98 98
E110 00 A -54 80
E152 80 7 -53 98
E234 40 5 -54 70
E140 20 3 -33 80
E84 00 A 27 108
E40 08 2 -33 98
E78 0C 4 108 65
E2 08 2 108 75
E2 0C 4 108 65
E152 0E 6 98 27
E356 04 4 80 -33
E252 08 2 108 47
E44 18 9 108 85
E2 08 2 108 75
E2 18 9 108 85
E20 08 2 108 98
E26 00 B 108 65
E10 20 3 98 35
E34 60 5 27 98
E50 E0 7 -53 70
E424 40 5 -54 70
E156 20 3 -33 80
E124 00 A 27 108
E76 08 2 -33 98
E136 0C 4 108 65
H500 0C 4 108 37
E602 08 2 108 47
E122 00 B 108 65
E38 20 3 98 -33
E52 60 5 27 98
E84 C0 7 -53 70
E276 40 5 -54 70
E173 20 3 -28 85
E119 00 A 27 108
E62 08 2 -33 98
E110 0C 4 108 65
E282 0E 6 98 27
E102 0C 4 80 -33
E308 08 2 108 47
E2 0C 4 108 37
E10 08 2 108 47
E14 18 9 108 85
E100 20 3 98 108
E10 28 9 68 108
E2 20 3 58 108
E4 28 9 58 108
E2 20 3 48 108
E8 28 9 47 108
E4 20 3 47 108
E2 28 9 57 108
E2 20 3 47 108
E20 68 9 47 108
E2 60 5 37 98
E80 48 9 -33 80
E2 40 5 -43 70
E6 C0 7 -53 70
E38 C8 9 -54 80
E2 C0 7 -64 70
E46 C8 9 -54 80
E2 C0 7 -64 70
E24 C8 9 -54 80
E6 C0 7 -44 90
E26 C8 9 -54 80
E14 C0 7 -4 98
E4 C8 9 -4 98
E10 C0 7 26 98
E94 40 5 -54 70
E140 20 3 -33 80
E100 00 A 27 108
E60 08 2 -33 98
E80 0C 4 108 65
E2 08 2 108 75
E4 0C 4 108 65
E186 0E 6 98 27
E282 04 4 80 -33
E242 08 2 108 47
E74 18 9 108 85
E2 08 2 108 75
E26 00 B 108 65
E30 20 3 98 -33
E50 60 5 27 98
E66 C0 7 -53 70
E324 40 5 -54 70
E176 20 3 -33 80
E136 00 A 27 108
E12 10 1 -13 108
E2 00 A -23 108
E2 10 1 -13 108
E26 18 9 85 108
E94 08 2 108 98
E12 0C 4 108 65
E184 0E 6 98 27
E48 07 8 70 -53
E302 0E 6 70 -54
E88 0C 4 80 -33
E434 08 2 108 47
E80 18 9 108 85
E2 08 2 108 75
E286 00 B 108 65
E2 08 2 108 75
E64 00 B 108 65
E36 08 2 108 -33
E2 00 B 108 -43
E56 08 2 108 -33
E2 00 B 108 -43
E92 20 3 98 -33
E82 60 5 27 98
E452 20 3 -33 80
E114 00 A 27 108
E66 08 2 -33 98
E134 0C 4 108 65
E20 08 2 108 47
E2 0C 4 108 37
E206 08 2 108 42
E54 18 9 108 85
E36 08 2 108 98
E20 28 9 108 85
E8 20 3 98 108
E2 28 9 108 108
E8 20 3 98 108
E2 60 5 88 98
E26 E0 7 -42 70
H500 C0 7 -64 70
E602 40 5 -54 70
E210 20 3 -33 80
E120 00 A 27 108
E62 08 2 -33 98
E80 0C 4 108 65
E84 0E 6 98 27
E14 0F 8 70 -43
E430 0E 6 70 -54
E86 0C 4 80 -33
E412 08 2 108 47
E2 0C 4 108 37
E4 08 2 108 47
E166 00 B 108 65
E12 08 2 108 25
E2 00 B 108 15
E54 20 3 98 -33
E68 60 5 27 98
E130 C0 7 -53 70
E154 40 5 -54 70
E110 68 9 -33 80
E2 60 5 -43 70
E90 20 3 -33 80
E74 28 9 47 108
E2 20 3 37 108
E40 00 A 27 108
E54 08 2 -33 98
E102 0C 4 108 65
E278 0E 6 103 32
E170 0C 4 80 -33
E284 08 2 108 47
E58 18 9 108 85
E10 08 2 108 98
E10 18 9 108 85
E2 08 2 108 75
E24 00 B 108 65
E26 20 3 98 -33
E50 60 5 27 98
E76 C0 7 -53 70
E64 C8 9 -54 80
E2 C0 7 -64 70
E228 C8 9 -54 80
E2 C0 7 -64 70
E20 40 5 -54 70
E173 20 3 -28 85
E55 28 9 47 108
E2 20 3 37 108
E64 00 A 27 108
E60 08 2 -33 98
E2 00 B -23 88
E4 08 2 -3 75
E20 18 9 97 85
E2 08 2 107 75
E28 18 9 108 85
E2 08 2 108 75
E4 18 9 108 85
E4 08 2 108 85
E48 0C 4 108 65
E2 08 2 108 75
E8 0C 4 108 65
H500 0C 4 108 37
E682 08 2 108 47
E26 18 9 108 85
E2 08 2 108 75
E34 18 9 108 85
E18 08 2 108 98
E40 00 B 108 65
E10 08 2 108 35
E2 00 B 108 25
E12 20 3 98 -15
E56 60 5 27 98
E82 C0 7 -53 70
E268 40 5 -54 70
E176 20 3 -33 80
E112 00 A 27 108
E52 08 2 -33 98
E104 0C 4 108 65
E266 0E 6 98 27
E146 0C 4 80 -33
E306 08 2 108 47
E72 18 9 108 85
E4 08 2 108 85
E28 00 B 108 65
E26 20 3 98 -33
E50 60 5 27 98
E74 C0 7 -53 70
E348 40 5 -54 70
E188 20 3 -33 80
E36 00 A 27 108
H500 00 A -43 108
H500 00 A -43 108
H500 00 A -43 108
E1502 00 C 0 0
H500 00 C 0 0
H500 00 C 0 0
H500 00 C 0 0
H500 00 C 0 0
H500 00 C 0 0
H500 00 C 0 0
H500 00 C 0 0
H500 00 C 0 0
H500 00 C 0 0
H500 00 C 0 0
H500 00 C 0 0
H500 00 C 0 0
H500 00 C 0 0
H500 00 C 0 0
H500 00 C 0 0
H500 00 C 0 0
H500 00 C 0 0
H500 00 C 0 0
H500 00 C 0 0
H500 00 C 0 0
H500 00 C 0 0
H500 00 C 0 0
H500 00 C 0 0
H500 00 C 0 0
H500 00 C 0 0
H500 00 C 0 0
H500 00 C 0 0
H500 00 C 0 0
H500 00 C 0 0
H500 00 C 0 0
H500 00 C 0 0
H500 00 C 0 0
H500 00 C 0 0
H500 00 C 0 0
H500 00 C 0 0
H500 00 C 0 0
H500 00 C 0 0
H500 00 C 0 0
H631 00 C 0 0
H501 00 C 0 0
H501 00 C 0 0
H501 00 C 0 0
H500 00 C 0 0
H500 00 C 0 0
H500 00 C 0 0
H500 00 C 0 0
H500 00 C 0 0
H500 00 C 0 0
H500 00 C 0 0
H500 00 C 0 0
H500 00 C 0 0
>>> TRACK_OFF t=142017 elapsed=110166ms duration=110014ms lines=898
>>> --- RAM log dump end ---
>> 