help
>>> Unknown command, type help for command list
>> log dump
>>> log line format: E<dt> <patHex> <modeCode> <L> <R>[ <err>]  (H=heartbeat instead of E)
>>>   E行dt=ms since previous mode switch (not reset by heartbeats in between)
>>>   H行dt=ms since previous logged line (heartbeat cadence)
>>>   patHex=2-digit hex bitmask (bit7=CH8..bit0=CH1, 1=white); L/R=actual PWM sent; err=PID error (PID mode only)
>>> modeCode: 0=STRAIGHT 1/2=unused(旧mild档已移除) 3=MEDIUM_L 4=MEDIUM_R 5=SHARP_L 6=SHARP_R
>>>           7=HAIRPIN_L 8=HAIRPIN_R 9=CROSS A=LOST_L B=LOST_R C=LOST_STOP P=PID
>>> markers: >>> TRACK_ON t=<ms> / >>> PARAMS ... / >>> TRACK_OFF t=<ms> elapsed=<ms>ms duration=<ms>ms lines=<n>
>>>   elapsed=track on~off挂钟时长, duration=事件/心跳数据实际覆盖的时长(缓冲区提前写满时会比elapsed短)
>>> --- RAM log dump start (1762 lines, most recent track on so far) ---
>>> TRACK_ON t=1230
>>> PARAMS algoid=0 name=bb-default speed=16 algo=BANGBANG turn_ratio=1.00 medium_ratio=0.65 sharp_ratio=-0.40 xsharp_ratio=-0.60 medspeed=0.90 shpspeed=1.00 hpspeed=1.00 minpwm=70 slew_rate=50000.0 pid_kp=41.00 pid_ki=1.00 pid_kd=5.00 thresh=[1200,1100,1000,1100,1000,1100,1300,1300] white=[690,770,610,580,900,860,970,980] black=[2400,2300,2000,2030,2200,2100,2300,2400]
E0 08 0 0 0
E394 18 9 102 102
E4 08 0 102 102
E8 18 9 102 102
E4 08 0 102 102
E8 18 9 102 102
E26 08 0 102 102
E2 18 9 102 102
E10 08 0 102 102
E2 18 9 102 102
E56 08 0 102 102
E28 18 9 102 102
E2 08 0 102 102
E270 50 5 2 102
E2 10 0 102 102
E96 00 A 2 102
E4 10 0 60 102
E2 00 A -40 102
E420 08 0 102 102
E10 0C 4 91 59
E70 06 6 102 -40
E114 03 8 102 -61
E130 02 6 102 -40
E152 04 4 91 59
E394 08 0 102 102
E130 18 9 102 102
E30 10 0 102 102
E42 00 B 102 2
E8 20 3 59 60
E38 60 5 -40 102
E12 E0 7 -61 102
E132 00 A -40 102
E274 80 7 -61 102
E258 40 5 -40 102
E132 20 3 59 91
E88 00 A -40 102
E66 10 0 60 102
E72 18 9 102 102
E22 08 0 102 102
E110 48 9 102 102
E6 08 0 102 102
E18 48 9 102 102
E4 08 0 102 102
E4 0C 4 91 59
E2 08 0 102 102
E8 0C 4 91 59
E4 08 0 102 102
E4 0C 4 91 59
E38 4C 9 102 102
E4 0C 4 91 59
E8 4C 9 102 102
E4 0C 4 91 59
E22 4C 9 102 102
E6 0C 4 91 59
E4 CC 9 102 102
E2 0C 4 91 59
E6 8C 9 102 102
E2 0C 4 91 59
E456 08 0 102 102
E9 18 9 102 102
E44 F0 7 2 102
E86 40 5 -40 102
E18 00 A -40 102
H500 00 A -40 102
E548 80 7 -61 102
E192 40 5 -40 102
E123 20 3 59 91
E60 00 A -40 102
E58 10 0 60 102
E36 18 9 102 102
E22 08 0 102 102
E66 0C 4 91 59
E94 06 6 102 -40
E76 00 B 102 -40
E14 01 8 102 -61
E2 00 B 102 -40
E6 01 8 102 -61
E72 00 B 102 -40
E16 01 8 102 -61
E54 00 B 102 -40
E20 01 8 102 -61
E12 00 B 102 -40
E48 02 6 102 -40
E98 00 B 102 -40
E20 04 4 91 59
E146 08 0 102 102
E123 48 9 102 102
E4 08 0 102 102
E16 18 9 102 102
E14 10 0 102 102
E64 18 9 102 102
E2 10 0 102 102
E10 00 B 102 2
E8 20 3 59 60
E78 60 5 -40 102
E398 20 3 59 91
E78 00 A -40 102
E82 10 0 60 102
E44 18 9 102 102
E12 08 0 102 102
E140 0C 4 91 59
E81 02 6 102 -40
E106 00 B 102 -40
E126 02 6 102 -40
E132 00 B 102 -40
E30 04 4 91 59
E146 08 0 102 102
E108 18 9 102 102
E54 10 0 102 102
E22 30 3 59 91
E16 70 5 -40 102
E24 F0 7 -61 102
E162 00 A -40 102
E177 80 7 -61 102
E242 40 5 -40 102
E113 20 3 59 91
E107 00 A -40 102
E6 20 3 59 91
E2 00 A -40 102
E62 10 0 60 102
E180 18 9 102 102
E244 10 0 102 102
E113 00 A 2 102
E2 10 0 102 102
E4 00 A 2 102
E262 10 0 60 102
E2 00 A -40 102
E2 10 0 60 102
E88 18 9 102 102
E92 08 0 102 102
E48 18 9 102 102
E54 10 0 102 102
E30 30 3 59 91
E22 70 5 -40 102
E42 F0 7 -61 102
E356 40 5 -40 102
E124 20 3 59 91
E86 00 A -40 102
E38 10 0 60 102
E2 00 A -40 102
E2 10 0 60 102
E78 18 9 102 102
E28 08 0 102 102
E136 0C 4 91 59
E242 02 6 102 -40
E178 00 B 102 -40
E64 04 4 91 59
E2 00 B 102 -40
E2 04 4 91 59
E138 08 0 102 102
E102 48 9 102 102
E2 08 0 102 102
E40 18 9 102 102
E36 10 0 102 102
E62 00 B 102 2
E18 20 3 59 60
E66 60 5 -40 102
E172 C0 7 -61 102
E2 40 5 -40 102
E248 20 3 59 91
E66 00 A -40 102
E76 10 0 60 102
E16 18 9 102 102
E52 08 0 102 102
E52 0C 4 91 59
E153 06 6 102 -40
E291 00 B 102 -40
E16 04 4 91 59
E157 08 0 102 102
E80 18 9 102 102
E40 50 5 2 102
E4 F0 7 -61 102
E98 40 5 -40 102
E8 00 A -40 102
E434 80 7 -61 102
E232 40 5 -40 102
E211 20 3 59 91
E8 00 A -40 102
E6 10 0 60 102
E68 18 9 102 102
E4 10 0 102 102
E6 18 9 102 102
E58 08 0 102 102
E24 48 9 102 102
E4 08 0 102 102
E18 48 9 102 102
E2 08 0 102 102
E50 0C 4 91 59
E48 4C 9 102 102
E2 0C 4 91 59
E16 4C 9 102 102
E8 0C 4 91 59
E12 44 9 102 102
E2 04 4 91 59
E16 84 9 102 102
E2 04 4 91 59
E77 02 6 102 -40
E177 00 B 102 -40
E28 04 4 91 59
E150 08 0 102 102
E102 F0 7 -61 102
E82 60 5 -40 102
E18 00 A -40 102
H500 00 A -40 102
E574 80 7 -61 102
E192 40 5 -40 102
E128 20 3 59 91
E36 00 A -40 102
E6 20 3 59 91
E2 00 A -40 102
E70 10 0 60 102
E32 18 9 102 102
E3 08 0 102 102
E5 18 9 102 102
E2 08 0 102 102
E76 0C 4 91 59
E94 02 6 102 -40
E62 03 8 102 -61
E4 02 6 102 -40
E2 00 B 102 -40
E4 01 8 102 -61
E200 00 B 102 -40
E28 02 6 102 -40
E116 00 B 102 -40
E10 04 4 91 59
E146 08 0 102 102
E110 18 9 102 102
E26 10 0 102 102
E8 90 7 2 102
E2 10 0 102 102
E30 50 5 2 102
E4 10 0 60 102
E10 00 A 2 102
E24 20 3 59 91
E4 00 A -40 102
E2 20 3 59 91
E62 60 5 -40 102
E342 20 3 59 91
E64 00 A -40 102
E2 20 3 59 91
E8 00 A -40 102
E90 10 0 60 102
E2 00 A -40 102
E6 10 0 60 102
E30 00 A 2 102
E2 10 0 102 102
E16 18 9 102 102
E2 08 0 102 102
E106 0C 4 91 59
E199 02 6 102 -40
E38 00 B 102 -40
E2 02 6 102 -40
E4 00 B 102 -40
E36 01 8 102 -61
E2 00 B 102 -40
E4 01 8 102 -61
E4 00 B 102 -40
E4 01 8 102 -61
E2 00 B 102 -40
E5 01 8 102 -61
E31 00 B 102 -40
E124 02 6 102 -40
E88 00 B 102 -40
E28 04 4 91 59
E120 08 0 102 102
E108 18 9 102 102
E2 08 0 102 102
E2 18 9 102 102
E4 10 0 102 102
E34 00 B 102 2
E38 20 3 59 60
E21 60 5 -40 102
E37 C0 7 -61 102
H500 C0 7 -61 102
E504 40 5 -40 102
E110 20 3 59 91
E104 00 A -40 102
E86 10 0 60 102
E98 18 9 102 102
E72 08 0 102 102
E48 18 9 102 102
E2 08 0 102 102
E36 18 9 102 102
E2 08 0 102 102
E4 18 9 102 102
E70 10 0 102 102
E110 30 3 59 91
E64 60 5 -40 102
E2 20 3 59 91
E2 60 5 -40 102
E312 20 3 59 91
E86 00 A -40 102
E94 10 0 60 102
E52 18 9 102 102
E8 08 0 102 102
E2 18 9 102 102
E6 08 0 102 102
E200 0C 4 91 59
E176 08 0 102 102
E62 18 9 102 102
E86 70 5 2 102
E8 F0 7 -61 102
E130 00 A -40 102
E196 80 7 -61 102
E198 40 5 -40 102
E110 20 3 59 91
E68 00 A -40 102
E48 10 0 60 102
E62 18 9 102 102
E10 08 0 102 102
E78 0C 4 91 59
E104 06 6 102 -40
E134 00 B 102 -40
E102 02 6 102 -40
E138 00 B 102 -40
E18 04 4 91 59
E134 08 0 102 102
E2 0C 4 91 59
E2 08 0 102 102
E134 18 9 102 102
E8 10 0 102 102
E2 00 B 102 2
E2 10 0 102 102
E58 00 B 102 2
E10 10 0 102 60
E2 00 B 102 -40
E64 60 5 -40 102
E84 C0 7 -61 102
E266 40 5 -40 102
E140 20 3 59 91
E76 00 A -40 102
E70 10 0 60 102
E52 18 9 102 102
E22 08 0 102 102
E100 0C 4 91 59
E82 06 6 102 -40
E297 04 4 91 59
E432 08 0 102 102
E98 18 9 102 102
E50 10 0 102 102
E40 30 3 59 91
E6 70 5 -40 102
E6 F0 7 -61 102
E106 40 5 -40 102
E4 00 A -40 102
E355 80 7 -61 102
E216 40 5 -40 102
E124 20 3 59 91
E78 00 A -40 102
E46 10 0 60 102
E58 18 9 102 102
E36 08 0 102 102
E94 0C 4 91 59
E2 08 0 102 102
E70 0C 4 91 59
E82 44 9 102 102
E4 04 4 91 59
E12 C4 9 102 102
E2 04 4 91 59
E4 06 6 102 -40
E248 00 B 102 -40
E26 04 4 91 59
E148 08 0 102 102
E48 18 9 102 102
E44 30 3 59 91
E2 B0 7 -41 102
E126 40 5 -40 102
E28 00 A -40 102
E484 80 7 -61 102
E196 40 5 -40 102
E124 20 3 59 91
E48 00 A -40 102
E4 20 3 59 91
E2 00 A -40 102
E94 10 0 60 102
E22 00 A 2 102
E8 18 9 60 102
E2 08 0 102 102
E4 18 9 102 102
E2 08 0 102 102
E90 0C 4 91 59
E132 02 6 102 -40
E27 00 B 102 -40
E64 01 8 102 -61
E20 00 B 102 -40
E2 01 8 102 -61
E28 00 B 102 -40
E10 01 8 102 -61
E18 00 B 102 -40
E12 01 8 102 -61
E20 00 B 102 -40
E4 01 8 102 -61
E12 00 B 102 -40
E78 02 6 102 -40
E96 00 B 102 -40
E16 04 4 91 59
E136 08 0 102 102
E106 18 9 102 102
E20 10 0 102 102
E36 90 7 2 102
E2 10 0 102 102
E18 00 A 2 102
E20 40 5 -40 102
E2 00 A -40 102
E4 60 5 -40 102
E4 20 3 59 91
E40 60 5 -40 102
E378 20 3 59 91
E70 00 A -40 102
E4 20 3 59 91
E4 00 A -40 102
E88 10 0 60 102
E42 18 9 102 102
E2 08 0 102 102
E112 0C 4 91 59
E126 00 B 102 -40
E4 02 6 102 -40
E373 04 4 91 59
E272 08 0 102 102
E234 18 9 102 102
E4 08 0 102 102
E4 18 9 102 102
E4 10 0 102 102
E80 30 3 59 91
E26 70 5 -40 102
E36 E0 7 -61 102
E434 40 5 -40 102
E108 20 3 59 91
E84 00 A -40 102
E2 20 3 59 91
E6 00 A -40 102
E60 10 0 10 102
E2 00 A -40 102
E4 10 0 60 102
E76 18 9 102 102
E24 08 0 102 102
E2 18 9 102 102
E2 08 0 102 102
E316 48 9 102 102
E6 08 0 102 102
E337 18 9 102 102
E4 08 0 102 102
E2 18 9 102 102
E8 10 0 102 102
E106 00 A 2 102
E2 20 3 59 91
E34 60 5 -40 102
E20 E0 7 -61 102
E138 40 5 -40 102
E4 00 A -40 102
E306 80 7 -61 102
E192 40 5 -40 102
E115 20 3 59 91
E70 00 A -40 102
E36 10 0 60 102
E60 18 9 102 102
E30 08 0 102 102
E86 0C 4 91 59
E128 06 6 102 -40
E138 00 B 102 -40
E26 02 6 102 -40
E12 00 B 102 -40
E2 02 6 102 -40
E8 00 B 102 -40
E4 02 6 102 -40
E168 04 4 91 59
E186 08 0 102 102
E96 18 9 102 102
E12 10 0 102 102
E8 00 B 102 2
E8 10 0 102 60
E4 00 B 102 2
E2 10 0 102 102
E6 00 B 102 2
E74 20 3 59 60
E22 60 5 -40 102
E72 C0 7 -61 102
E252 40 5 -40 102
E140 20 3 59 91
E84 00 A -40 102
E52 10 0 60 102
E54 18 9 102 102
E24 08 0 102 102
E102 0C 4 91 59
E120 06 6 102 -40
E136 00 B 102 -40
E2 02 6 102 -40
E2 00 B 102 -40
E8 02 6 102 -40
E6 00 B 102 -40
E6 02 6 102 -40
E238 04 4 91 59
E136 08 0 102 102
E52 18 9 102 102
E54 10 0 102 102
E42 30 3 59 91
E42 60 5 -40 102
E56 C0 7 -61 102
E317 40 5 -40 102
E120 20 3 10 91
E132 00 A -40 102
E44 10 0 60 102
E106 18 9 102 102
E102 10 0 102 102
E68 30 3 59 91
E2 10 0 102 102
E2 30 3 59 91
E54 60 5 -40 102
E219 C0 7 -61 102
E2 40 5 -40 102
E10 C0 7 -61 102
E12 40 5 -40 102
E14 C0 7 -61 102
E4 40 5 -40 102
E124 20 3 59 91
E6 60 5 -40 102
E6 20 3 59 91
E18 60 5 -40 102
E10 20 3 59 91
E26 10 0 102 102
E32 50 5 2 102
E7 10 0 102 102
E29 50 5 2 102
E2 10 0 102 102
E28 18 9 102 102
E96 08 0 102 102
E2 48 9 102 102
E2 08 0 102 102
E2 88 9 102 102
E2 08 0 102 102
E4 48 9 102 102
E8 08 0 102 102
E60 48 9 102 102
E2 08 0 102 102
E26 48 9 102 102
E2 08 0 102 102
E46 0C 4 91 59
E336 08 0 102 102
E45 18 9 102 102
E60 F0 7 2 102
E78 00 A -40 102
E444 80 7 -61 102
E178 40 5 -40 102
E122 20 3 59 91
E87 00 A -40 102
E26 10 0 60 102
E40 18 9 102 102
E12 08 0 102 102
E76 0C 4 91 59
E84 06 6 102 -40
E62 00 B 102 -40
E28 01 8 102 -61
E2 00 B 102 -40
E8 01 8 102 -61
E3 00 B 102 -40
E129 01 8 102 -61
E4 00 B 102 -40
E14 01 8 102 -61
E16 00 B 102 -40
E8 01 8 102 -61
E16 00 B 102 -40
E2 01 8 102 -61
E2 00 B 102 -40
E66 02 6 102 -40
E86 00 B 102 -40
E20 04 4 91 59
E24 84 9 102 102
E4 04 4 91 59
E108 4C 9 102 102
E2 08 0 102 102
E203 00 B 102 2
E46 20 3 59 60
E38 60 5 -40 102
E94 C0 7 -61 102
E186 40 5 -40 102
E146 20 3 59 91
E68 00 A -40 102
E84 10 0 60 102
E38 18 9 102 102
E6 08 0 102 102
E102 0C 4 91 59
E149 02 6 102 -40
E58 00 B 102 -40
E4 02 6 102 -40
E2 00 B 102 -40
E26 01 8 102 -61
E12 00 B 102 -40
E4 01 8 102 -61
E86 00 B 102 -40
E38 02 6 102 -40
E2 00 B 102 -40
E6 02 6 102 -40
E108 00 B 102 -40
E18 04 4 91 59
E134 08 0 102 102
E130 00 B 102 2
E4 10 0 102 60
E24 00 B 102 2
E18 20 3 59 60
E32 60 5 -40 102
E30 E0 7 -61 102
E180 00 A -40 102
E87 80 7 -61 102
E306 40 5 -40 102
E140 20 3 59 91
E112 00 A -40 102
E82 10 0 60 102
E112 18 9 102 102
E92 08 0 102 102
E2 18 9 102 102
E18 08 0 102 102
E2 18 9 102 102
E140 10 0 102 102
E15 18 9 102 102
E2 10 0 102 102
E36 90 7 2 102
E2 10 0 102 102
E10 50 5 2 102
E16 10 0 60 102
E42 18 9 102 102
E2 10 0 102 102
E80 00 A 2 102
E74 20 3 59 91
E366 60 5 -40 102
E128 C0 7 -61 102
E154 60 5 -40 102
E192 30 3 59 91
E39 10 0 102 102
E216 18 9 102 102
E236 10 0 102 102
E422 00 A -40 102
E124 08 0 60 102
E2 00 A -40 102
E36 10 0 60 102
E40 50 5 2 102
E4 10 0 60 102
E76 18 9 102 102
E38 08 0 102 102
E4 18 9 102 102
E2 08 0 102 102
E204 0C 4 91 59
E174 06 6 102 9
E130 04 4 91 59
E266 08 0 102 102
E80 18 9 102 102
E46 10 0 102 102
E32 30 3 59 91
E2 70 5 -40 102
E8 F0 7 -61 102
E92 40 5 -40 102
E4 00 A -40 102
E452 80 7 -61 102
E202 40 5 -40 102
E120 20 3 59 91
E76 00 A -40 102
E26 10 0 60 102
E60 18 9 102 102
E48 08 0 102 102
E46 48 9 102 102
E4 08 0 102 102
E38 0C 4 91 59
E102 44 9 102 102
E2 04 4 91 59
E14 44 9 102 102
E8 04 4 91 59
E14 06 6 102 -40
E22 82 9 102 60
E2 02 6 102 -40
E232 00 B 102 -40
E26 04 4 91 59
E152 08 0 102 102
E50 18 9 102 102
E44 B0 7 52 102
E132 40 5 -40 102
E18 00 A -40 102
E444 80 7 -61 102
E258 40 5 -40 102
E86 20 3 59 91
E56 00 A -40 102
E2 20 3 59 91
E3 00 A -40 102
E83 10 0 60 102
E28 00 A 2 102
E2 10 0 102 102
E2 18 9 102 102
E2 08 0 102 102
E6 18 9 102 102
E2 08 0 102 102
E90 0C 4 91 59
E106 00 B 102 -40
E16 02 6 102 -40
E78 00 B 102 -40
E30 01 8 102 -61
E52 00 B 102 -40
E16 01 8 102 -61
E8 00 B 102 -40
E60 02 6 102 -40
E120 00 B 102 -40
E12 04 4 91 59
E145 08 0 102 102
E108 18 9 102 102
E24 10 0 102 102
E30 90 7 2 102
E2 10 0 102 102
E30 00 A 2 102
E4 40 5 -40 102
E8 00 A -40 102
E8 20 3 59 91
E46 60 5 -40 102
E2 20 3 59 91
E2 60 5 -40 102
E362 20 3 59 91
E68 00 A -40 102
E104 10 0 60 102
E22 00 A 2 102
E2 10 0 102 102
E8 00 A 2 102
E4 08 0 60 102
E106 0C 4 91 59
E113 06 6 102 -40
E104 00 B 102 -40
E18 01 8 102 -61
E10 00 B 102 -40
E4 01 8 102 -61
E18 00 B 102 -40
E92 02 6 102 -40
E122 00 B 102 -40
E24 04 4 91 59
E150 08 0 102 102
E54 0C 4 91 59
E2 08 0 102 102
E110 0C 4 91 59
E12 08 0 102 102
E2 0C 4 91 59
E4 08 0 102 102
E2 0C 4 91 59
E4 08 0 102 102
E2 0C 4 91 59
E2 08 0 102 102
E4 0C 4 91 59
E2 08 0 102 102
E313 18 9 102 102
E90 30 3 59 91
E10 70 5 -40 102
E30 E0 7 -61 102
E140 00 A -40 102
E188 80 7 -61 102
E242 40 5 -40 102
E124 20 3 59 91
E98 00 A -40 102
E38 10 0 60 102
E4 00 A 2 102
E2 10 0 102 102
E100 18 9 102 102
E34 08 0 102 102
E8 18 9 102 102
E4 08 0 102 102
E176 0C 4 91 59
E6 4C 9 102 102
E4 0C 4 91 59
E4 4C 9 102 102
E2 0C 4 91 59
E484 08 0 102 102
E148 F0 7 -61 102
E70 40 5 -40 102
E6 00 A -40 102
H500 00 A -40 102
E542 80 7 -61 102
E172 40 5 -40 102
E161 20 3 59 91
E6 00 A -40 102
E40 10 0 60 102
E34 18 9 102 102
E28 08 0 102 102
E50 0C 4 91 59
E76 06 6 102 -40
E68 03 8 102 -61
E238 00 B 102 -40
E16 02 6 102 -40
E134 04 4 91 59
E174 08 0 102 102
E159 00 B 102 2
E114 20 3 59 60
E34 60 5 -40 102
E94 C0 7 -61 102
E204 40 5 -40 102
E138 20 3 59 91
E88 00 A -40 102
E30 10 0 60 102
E70 18 9 102 102
E28 08 0 102 102
E100 0C 4 91 59
E147 00 B 102 -40
E10 02 6 102 -40
E4 00 B 102 -40
E4 02 6 102 -40
E96 03 8 102 -61
E80 02 6 102 -40
E154 04 4 91 59
E140 08 0 102 102
E64 18 9 102 102
E52 10 0 102 102
E34 00 B 102 2
E28 20 3 59 60
E32 60 5 -40 102
E56 C0 7 -61 102
E322 40 5 -40 102
E156 20 3 59 91
E114 00 A -40 102
E16 10 0 60 102
E216 30 3 59 91
E80 60 5 -40 102
E405 10 0 102 102
E55 18 9 102 102
E52 08 0 102 102
E60 48 9 102 102
E6 08 0 102 102
E2 48 9 102 102
E4 08 0 102 102
E52 48 9 102 102
E10 0C 4 91 59
E6 4C 9 102 102
E2 0C 4 91 59
E18 4C 9 102 102
E4 0C 4 91 59
E8 4C 9 102 102
E4 0C 4 91 59
E4 8C 9 102 102
E4 0C 4 91 59
E200 00 B 102 -40
E6 04 4 91 59
E2 00 B 102 -40
E92 04 4 91 59
E168 08 0 102 102
E40 18 9 102 102
E78 F0 7 -61 102
E38 40 5 -40 102
E18 00 A -40 102
H500 00 A -40 102
E628 80 7 -61 102
E172 40 5 -40 102
E143 20 3 59 91
E16 00 A -40 102
E66 10 0 60 102
E4 00 A 2 102
E2 10 0 102 102
E18 18 9 102 102
E20 08 0 102 102
E52 0C 4 91 59
E78 06 6 102 -40
E54 03 8 102 -61
E74 00 B 102 -40
E150 01 8 102 -61
E8 00 B 102 -40
E10 01 8 102 -61
E26 00 B 102 -40
E14 01 8 102 -61
E12 00 B 102 -40
E46 02 6 102 -40
E102 00 B 102 -40
E16 04 4 91 59
E144 08 0 102 102
E126 18 9 102 102
E24 10 0 102 102
E54 00 B 102 2
E26 20 3 59 60
E12 28 9 102 102
E2 20 3 59 91
E50 60 5 -40 102
E120 C0 7 -61 102
E112 40 5 -40 102
E166 20 3 59 91
E78 00 A -40 102
E78 10 0 60 102
E44 18 9 102 102
E16 08 0 102 102
E100 0C 4 91 59
E131 06 6 102 -40
E112 00 B 102 -40
E82 02 6 102 -40
E142 00 B 102 -40
E24 04 4 91 59
E140 08 0 102 102
E142 18 9 102 102
E4 10 0 102 102
E2 00 B 102 2
E2 10 0 102 102
E16 00 B 102 2
E4 10 0 102 60
E18 00 B 102 2
E26 20 3 59 60
E42 60 5 -40 102
E34 E0 7 -61 102
H501 C0 7 -61 102
E517 40 5 -40 102
E144 20 3 59 91
E88 00 A -40 102
E2 20 3 59 91
E26 00 A -40 102
E88 10 0 60 102
E112 18 9 102 102
E58 08 0 102 102
E40 18 9 102 102
E22 08 0 102 102
E2 18 9 102 102
E118 10 0 102 102
E110 50 5 2 102
E8 10 0 60 102
E2 50 5 -40 102
E2 10 0 60 102
E66 30 3 59 91
E154 60 5 -40 102
E232 20 3 59 91
E138 00 A -40 102
E2 20 3 59 91
E52 00 A -40 102
E62 10 0 60 102
E186 30 3 59 91
E48 70 5 -40 102
E102 E0 7 -61 102
E84 40 5 -40 102
E154 20 3 59 91
E88 00 A 9 102
E48 10 0 60 102
E88 18 9 102 102
E30 08 0 102 102
E2 18 9 102 102
E2 08 0 102 102
E154 0C 4 91 59
E230 00 B 102 -40
E18 02 6 102 -40
E150 00 B 102 -40
E34 04 4 91 59
E184 08 0 102 102
E2 0C 4 91 59
E8 08 0 102 102
E102 48 9 102 102
E2 08 0 102 102
E38 18 9 102 102
E4 08 0 102 102
E2 18 9 102 102
E38 10 0 102 102
E84 00 B 102 2
E10 20 3 59 60
E80 60 5 -40 102
E352 20 3 59 91
E70 00 A -40 102
E48 10 0 60 102
E62 18 9 102 102
E64 08 0 102 102
E78 0C 4 91 59
E212 00 B 102 -40
E116 04 4 91 59
E212 08 0 102 102
E4 0C 4 91 59
E2 18 9 102 102
E60 F0 7 2 102
E98 00 A -40 102
E334 80 7 -61 102
E242 40 5 -40 102
E130 20 3 59 91
E2 60 5 -40 102
E66 20 3 59 91
E5 10 0 102 102
E16 50 5 2 102
E6 10 0 60 102
E88 18 9 102 102
E2 10 0 102 102
E2 58 9 102 102
E52 08 0 102 102
E92 0C 4 91 59
E188 00 B 102 -40
E96 04 4 91 59
E191 08 0 102 102
E13 18 9 102 102
E2 08 0 102 102
E2 18 9 102 102
E82 F0 7 2 102
E46 00 A -40 102
H500 00 A -40 102
E576 80 7 -61 102
E176 40 5 -40 102
E124 20 3 59 91
E50 00 A -40 102
E58 10 0 60 102
E30 18 9 102 102
E16 08 0 102 102
E119 04 4 91 59
E16 06 6 102 -40
E48 00 B 102 -40
E422 02 6 102 -40
E86 00 B 102 -40
E18 04 4 91 59
E18 84 9 102 102
E2 04 4 91 59
E76 4C 9 102 102
E2 0C 4 91 59
E30 08 0 102 102
E94 18 9 102 102
E26 10 0 102 102
E54 00 B 102 2
E8 20 3 59 60
E56 60 5 -40 102
E72 C0 7 -61 102
E240 40 5 -40 102
E148 20 3 59 91
E70 00 A -40 102
E2 20 3 59 91
E2 00 A -40 102
E82 10 0 60 102
E40 18 9 102 102
E10 08 0 102 102
E108 0C 4 91 59
E126 06 6 102 -40
E330 00 B 102 -40
E16 04 4 91 59
E156 08 0 102 102
E146 18 9 102 102
E8 10 0 102 102
E62 30 3 59 91
E26 70 5 -40 102
E28 E0 7 -61 102
E152 00 A -40 102
E173 80 7 -61 102
E232 40 5 -40 102
E126 20 3 59 91
E88 00 A -40 102
E60 10 0 60 102
E72 18 9 102 102
E22 08 0 102 102
E330 48 9 102 102
E6 08 0 102 102
E2 0C 4 91 59
E4 08 0 102 102
E413 18 9 102 102
E43 10 0 102 102
E46 30 3 59 91
E12 60 5 -40 102
E12 E0 7 -61 102
E108 40 5 -40 102
E2 00 A -40 102
E445 80 7 -61 102
E184 40 5 -40 102
E120 20 3 59 91
E72 00 A -40 102
E22 10 0 60 102
E56 18 9 102 102
E36 08 0 102 102
E62 0C 4 91 59
E104 06 6 102 -40
E86 00 B 102 -40
E20 01 8 102 -61
E118 00 B 102 -40
E32 02 6 102 -40
E114 00 B 102 -40
E12 04 4 91 59
E142 08 0 102 102
E104 18 9 102 102
E28 10 0 102 102
E42 00 B 102 2
E60 20 3 59 60
E26 60 5 -40 102
E80 C0 7 -61 102
E250 40 5 -40 102
E146 20 3 59 91
E81 00 A -40 102
E28 10 0 60 102
E80 18 9 102 102
E22 08 0 102 102
E106 0C 4 91 59
E148 06 6 102 -40
E2 00 B 102 -40
E4 02 6 102 -40
E358 04 4 91 59
E148 08 0 102 102
E105 18 9 102 102
E7 10 0 102 102
E36 00 B 102 2
E26 20 3 59 60
E28 60 5 -40 102
E54 C0 7 -61 102
E206 C4 9 39 102
E2 C0 7 -61 102
E120 40 5 -40 102
E138 20 3 59 91
E106 00 A -40 102
E16 10 0 60 102
E296 20 3 59 91
E12 60 5 -40 102
E270 E0 7 -61 102
E4 60 5 -40 102
E92 20 3 59 91
E8 60 5 -40 102
E14 20 3 59 91
E12 60 5 -40 102
E4 20 3 59 91
E22 10 0 102 102
E8 50 5 2 102
E4 10 0 60 102
E82 18 9 102 102
E60 08 0 102 102
E62 48 9 102 102
E6 08 0 102 102
E28 88 9 102 102
E2 08 0 102 102
E26 0C 4 91 59
E482 08 0 102 102
E14 18 9 102 102
E84 F0 7 2 102
E50 00 A -40 102
E434 08 0 60 102
E2 00 A -40 102
E169 80 7 -61 102
E118 40 5 -40 102
E118 20 3 59 91
E58 00 A -40 102
E40 10 0 60 102
E28 18 9 102 102
E16 08 0 102 102
E54 0C 4 91 59
E68 06 6 102 -40
E54 00 B 102 -40
E2 02 6 102 -40
E2 00 B 102 -40
E16 01 8 102 -61
E20 00 B 102 -40
E254 01 8 102 -61
E10 00 B 102 -40
E20 01 8 102 -61
E2 00 B 102 -40
E125 02 6 102 -40
E42 00 B 102 -40
E22 04 4 91 59
E20 84 9 102 102
E8 04 4 91 59
E100 4C 9 102 102
E4 0C 4 91 59
E18 08 0 102 102
E130 18 9 102 102
E28 10 0 102 102
E36 00 B 102 2
E84 20 3 59 60
E32 60 5 -40 102
E94 C0 7 -61 102
E186 40 5 -40 102
E201 20 3 59 91
E13 00 A -40 102
E70 10 0 60 102
E34 00 A 2 102
E2 10 0 102 102
E2 18 9 102 102
E2 08 0 102 102
E2 18 9 102 102
E4 08 0 102 102
E98 0C 4 91 59
E110 06 6 102 -40
E102 00 B 102 -40
E140 02 6 102 -40
E134 00 B 102 -40
E16 04 4 91 59
E138 08 0 102 102
E129 18 9 102 102
E19 10 0 102 102
E48 30 3 59 91
E20 70 5 -40 102
E26 E0 7 -61 102
E144 00 A -40 102
E162 80 7 -61 102
E290 40 5 -40 102
E134 20 3 59 91
E96 00 A -40 102
E71 10 0 102 102
E62 18 9 102 102
E26 08 0 102 102
E314 4C 9 102 102
E6 08 0 102 102
E446 18 9 102 102
E52 10 0 102 102
E26 30 3 59 91
E70 E0 7 -61 102
E49 40 5 -40 102
E2 00 A -40 102
H500 00 A -40 102
E574 80 7 -61 102
E162 40 5 -40 102
E114 20 3 59 91
E224 0C 4 91 59
E50 06 6 102 -40
E56 03 8 102 -61
E74 00 B 102 -40
E4 01 8 102 -61
E2 00 B 102 -40
E152 01 8 102 -61
E86 00 B 102 -40
E24 02 6 102 -40
E112 00 B 102 -40
E10 04 4 91 59
E146 08 0 102 102
E196 00 B 102 -40
E51 20 3 59 60
E26 60 5 -40 102
E84 C0 7 -61 102
E228 40 5 -40 102
E76 48 9 60 102
E2 40 5 -40 102
E70 20 3 59 91
E76 00 A -40 102
E2 20 3 59 91
E2 00 A -40 102
E16 10 0 60 102
E80 18 9 102 102
E30 08 0 102 102
E94 0C 4 91 59
E126 06 6 102 -40
E338 00 B 102 -40
E4 02 6 102 -40
E2 00 B 102 -40
E20 04 4 91 59
E192 08 0 102 102
E66 18 9 102 102
E56 10 0 102 102
E44 00 B 102 2
E15 20 3 59 91
E39 60 5 -40 102
E60 C0 7 -61 102
E292 40 5 -40 102
E142 20 3 59 91
E100 00 A -40 102
E12 10 0 60 102
E126 18 9 102 102
E56 10 0 102 102
E112 00 A 2 102
E38 20 3 59 91
E136 60 5 -40 102
E209 20 3 59 91
E6 60 5 -40 102
E6 20 3 59 91
E14 60 5 -40 102
E2 20 3 59 91
E44 A0 7 -41 102
E2 20 3 59 91
E24 60 5 -40 102
E12 20 3 59 91
E14 38 9 102 102
E2 30 3 59 91
E2 10 0 102 102
E154 50 5 2 102
E4 10 0 60 102
E10 50 5 2 102
E2 10 0 102 102
E22 18 9 102 102
E68 08 0 102 102
E230 18 9 102 102
E34 10 0 102 102
E52 30 3 59 91
E20 70 5 -40 102
E18 E0 7 -61 102
E98 40 5 -40 102
E4 00 A -40 102
E324 80 7 -61 102
E158 40 5 -40 102
E106 20 3 59 91
E50 00 A -40 102
E82 10 0 60 102
E26 00 A 2 102
E6 18 9 60 102
E8 08 0 102 102
E78 0C 4 91 59
E94 00 B 102 -40
E6 02 6 102 -40
E2 00 B 102 -40
E2 02 6 102 -40
E50 00 B 102 -40
E32 01 8 102 -61
E79 00 B 102 -40
E26 01 8 102 -61
E2 00 B 102 -40
E16 01 8 102 -61
E8 00 B 102 -40
E12 01 8 102 -61
E2 00 B 102 -40
E2 01 8 102 -61
E10 00 B 102 -40
E102 02 6 102 -40
E84 00 B 102 -40
E20 04 4 91 59
E138 08 0 102 102
E114 18 9 102 102
E18 10 0 102 102
E22 90 7 2 102
E2 10 0 102 102
E34 00 A 2 102
E2 40 5 -40 102
E4 00 A -40 102
E14 20 3 59 91
E56 60 5 -40 102
E370 20 3 59 91
E80 00 A -40 102
E2 20 3 59 91
E4 00 A -40 102
E88 10 0 60 102
E36 18 9 102 102
E10 08 0 102 102
E104 0C 4 91 59
E116 00 B 102 -40
E10 02 6 102 -40
E2 00 B 102 -40
E2 02 6 102 -40
E92 00 B 102 -40
E4 02 6 102 -40
E2 00 B 102 -40
E123 02 6 102 -40
E133 00 B 102 -40
E18 04 4 91 59
E259 08 0 102 102
E236 18 9 102 102
E12 10 0 102 102
E84 30 3 59 91
E24 70 5 -40 102
E36 E0 7 -61 102
E500 60 5 -40 102
E24 20 3 59 91
E92 00 A -40 102
E4 20 3 59 91
E2 00 A -40 102
E70 10 0 60 102
E4 00 A 2 102
E6 10 0 60 102
E90 18 9 102 102
E36 08 0 102 102
E2 18 9 102 102
E6 08 0 102 102
E260 48 9 102 102
E2 08 0 102 102
E10 48 9 102 102
E10 08 0 102 102
E12 18 9 102 102
E6 08 0 102 102
E2 18 9 102 102
E2 08 0 102 102
E14 18 9 102 102
E2 08 0 102 102
E10 18 9 102 102
E52 08 0 102 102
E34 18 9 102 102
E4 08 0 102 102
E2 18 9 102 102
E6 08 0 102 102
E2 18 9 102 102
E14 10 0 102 102
E166 00 A -40 102
E67 20 3 59 91
E82 60 5 -40 102
E66 E0 7 -61 102
E298 60 5 -40 102
E110 20 3 59 91
E96 10 0 102 102
E4 00 A 2 102
E22 10 0 60 102
E196 18 9 102 102
E61 08 0 102 102
H500 08 0 102 102
E600 0C 4 91 59
E4 08 0 102 102
E4 0C 4 91 59
E102 4C 9 102 102
E2 0C 4 91 59
E304 08 0 102 102
E366 18 9 102 102
E8 10 0 102 102
E68 00 B 102 2
E42 20 3 59 60
E42 60 5 -40 102
E46 C0 7 -61 102
E112 00 A -40 102
E320 80 7 -61 102
E190 40 5 -40 102
E112 20 3 59 91
E72 00 A -40 102
E38 10 0 60 102
E62 18 9 102 102
E10 08 0 102 102
E2 18 9 102 102
E2 08 0 102 102
E92 0C 4 91 59
E160 06 6 102 -40
E20 46 9 102 60
E2 06 6 102 -40
E88 42 9 102 60
E4 02 6 102 2
E28 82 9 102 60
E2 02 6 102 -40
E146 00 B 102 -40
E12 04 4 91 59
E268 08 0 102 102
E70 18 9 102 102
E42 10 0 102 102
E8 30 3 59 91
E10 70 5 -40 102
E6 F0 7 -61 102
E152 40 5 -40 102
E34 00 A -40 102
E472 C0 7 -61 102
E72 40 5 -40 102
E122 20 3 59 91
E50 00 A -40 102
E132 08 0 60 102
E102 0C 4 91 59
E102 00 B 102 -40
E18 02 6 102 -40
E38 00 B 102 -40
E6 02 6 102 -40
E2 00 B 102 -40
E98 01 8 102 -61
E2 00 B 102 -40
E8 01 8 102 -61
E2 00 B 102 -40
E6 01 8 102 -61
E8 00 B 102 -40
E8 01 8 102 -61
E16 00 B 102 -40
E4 01 8 102 -61
E4 00 B 102 -40
E93 02 6 102 -40
E106 00 B 102 -40
E10 04 4 91 59
E152 08 0 102 102
E126 18 9 102 102
E24 10 0 102 102
E24 90 7 2 102
E2 10 0 102 102
E30 50 5 2 102
E6 00 A -40 102
E2 10 0 60 102
E2 00 A -40 102
E22 20 3 59 91
E80 60 5 -40 102
E292 20 3 59 91
E119 00 A -40 102
E68 10 0 60 102
E44 00 A 2 102
E2 18 9 102 102
E6 08 0 102 102
E124 0C 4 91 59
E140 06 6 102 -40
E316 00 B 102 -40
E26 04 4 91 59
E150 08 0 102 102
E206 30 3 59 91
E24 70 5 -40 102
E30 E0 7 -61 102
E150 00 A -40 102
E152 80 7 -61 102
E270 40 5 -40 102
E124 20 3 59 91
E88 00 A -40 102
E68 10 0 102 102
E67 18 9 102 102
E26 08 0 102 102
E322 48 9 102 102
E6 0C 4 91 59
E4 08 0 102 102
E444 18 9 102 102
E46 10 0 102 102
E22 30 3 59 91
E10 70 5 -40 102
E52 E0 7 -61 102
E58 40 5 -40 102
E2 00 A -40 102
E480 80 7 -61 102
E176 40 5 -40 102
E112 20 3 59 91
E60 00 A -40 102
E26 10 0 60 102
E123 0C 4 91 59
E82 06 6 102 -40
E76 03 8 102 -61
E208 00 B 102 -40
E18 02 6 102 -40
E130 00 B 102 -40
E8 04 4 91 59
E164 08 0 102 102
E150 18 9 102 102
E4 10 0 102 102
E14 00 B 102 2
E10 10 0 102 60
E2 00 B 102 -40
E4 10 0 102 60
E2 00 B 102 -40
E2 10 0 102 60
E4 00 B 102 2
E96 20 3 59 91
E13 60 5 -40 102
E84 C0 7 -61 102
E230 40 5 -40 102
E140 20 3 59 91
E86 00 A -40 102
E40 10 0 60 102
E62 18 9 102 102
E26 08 0 102 102
E100 0C 4 91 59
E136 06 6 102 -40
E2 04 4 91 59
E2 00 B 102 -40
E4 02 6 102 -40
E152 03 8 102 -61
E54 02 6 102 -40
E150 04 4 91 59
E152 08 0 102 102
E72 18 9 102 102
E48 10 0 102 102
E32 00 B 102 2
E36 20 3 59 60
E30 60 5 -40 102
E60 C0 7 -61 102
E317 40 5 -40 102
E144 20 3 59 91
E106 00 A -40 102
E12 10 0 60 102
E276 00 A 2 102
E16 20 3 59 91
E110 60 5 -40 102
E120 E0 7 -61 102
E4 60 5 -40 102
E194 20 3 59 91
E34 10 0 102 102
E60 50 5 2 102
E4 10 0 60 102
E10 18 9 102 102
E4 10 0 102 102
E25 50 5 -40 102
E11 10 0 60 102
E12 18 9 102 102
E76 08 0 102 102
E8 48 9 102 102
E2 08 0 102 102
E46 48 9 102 102
E4 08 0 102 102
E84 0C 4 91 59
E312 08 0 102 102
E64 18 9 102 102
E70 F0 7 2 102
E74 00 A -40 102
E455 80 7 -61 102
E172 40 5 -40 102
E118 20 3 59 91
E42 00 A -40 102
E62 10 0 60 102
E4 00 A 2 102
E2 10 0 102 102
E26 18 9 102 102
E10 08 0 102 102
E68 0C 4 91 59
E68 06 6 102 -40
E112 01 8 102 -61
E6 00 B 102 -40
E4 01 8 102 -61
E10 00 B 102 -40
E202 01 8 102 -61
E2 00 B 102 -40
E2 01 8 102 -61
E14 00 B 102 -40
E12 01 8 102 -61
E6 00 B 102 -40
E58 02 6 102 -40
E92 00 B 102 -40
E24 04 4 91 59
E132 08 0 102 102
E32 48 9 102 102
E2 08 0 102 102
E68 18 9 102 102
E2 08 0 102 102
E10 18 9 102 102
E21 10 0 102 102
E19 18 9 102 102
E4 10 0 102 102
E34 00 B 102 2
E24 20 3 59 60
E48 60 5 -40 102
E114 C0 7 -61 102
E143 40 5 -40 102
E150 20 3 59 91
E68 00 A -40 102
E82 10 0 60 102
E42 18 9 102 102
E12 08 0 102 102
E100 0C 4 91 59
E118 06 6 102 -40
E128 00 B 102 -40
E2 02 6 102 -40
E4 00 B 102 -40
E82 02 6 102 -40
E135 00 B 102 -40
E30 04 4 91 59
E144 08 0 102 102
E156 00 B 102 2
E18 10 0 102 60
E6 00 B 102 2
E4 10 0 102 60
E8 00 B 102 2
E4 10 0 102 60
E2 00 B 102 -40
E26 20 3 59 60
E40 60 5 -40 102
E34 E0 7 -61 102
E176 00 A -40 102
E34 80 7 -61 102
E387 60 5 -40 102
E55 20 3 59 91
E134 00 A -40 102
E88 10 0 60 102
E120 18 9 102 102
E268 10 0 102 102
E14 90 7 2 102
E2 10 0 102 102
E20 50 5 2 102
E4 10 0 60 102
E38 18 9 102 102
E2 10 0 102 102
E129 00 A -40 102
E33 20 3 59 91
E194 60 5 -40 102
E358 20 3 59 91
H500 20 3 59 91
H500 20 3 59 91
E1016 00 A -40 102
E86 10 0 60 102
E96 18 9 102 102
E40 08 0 102 102
E181 0C 4 91 59
E146 06 6 102 -40
E47 42 9 102 60
E2 02 6 102 -40
E198 00 B 102 -40
E12 04 4 91 59
E186 08 0 102 102
E148 18 9 102 102
E7 10 0 102 102
E95 30 3 59 91
E70 60 5 -40 102
E124 C0 7 -61 102
E142 40 5 -40 102
E140 20 3 59 91
E70 00 A -40 102
E6 20 3 59 91
E4 00 A -40 102
E68 10 0 60 102
E56 18 9 102 102
E34 08 0 102 102
E264 18 9 102 102
E46 10 0 102 102
E78 00 A 2 102
E65 60 5 -40 102
E93 E0 7 -61 102
E6 60 5 -40 102
E14 E0 7 -61 102
E4 60 5 -40 102
E2 E0 7 -61 102
E6 40 5 -40 102
E13 C0 7 -61 102
E3 60 5 -40 102
E4 C0 7 -61 102
E10 40 5 -40 102
E14 C0 7 -61 102
E4 40 5 -40 102
E60 68 9 60 102
E2 60 5 -40 102
E96 20 3 59 91
E68 00 A -40 102
E34 10 0 60 102
E92 18 9 102 102
E30 08 0 102 102
E160 0C 4 91 59
E132 08 0 102 102
E180 70 5 -40 102
E8 F0 7 -61 102
E136 00 A -40 102
E160 80 7 -61 102
E184 40 5 -40 102
E110 20 3 59 91
E52 00 A -40 102
E62 10 0 10 102
E36 18 9 102 102
E8 08 0 102 102
E82 0C 4 91 59
E117 02 6 102 -40
E32 00 B 102 -40
E20 01 8 102 -61
E2 00 B 102 -40
E38 01 8 102 -61
E2 00 B 102 -40
E4 01 8 102 -61
E2 00 B 102 -40
E314 02 6 102 -40
E6 00 B 102 -40
E2 02 6 102 -40
E58 82 9 102 60
E2 00 B 102 -40
E2 80 7 2 60
E2 00 A -40 102
E28 04 4 60 59
E10 84 9 102 102
E4 04 4 91 59
E54 44 9 102 102
E6 04 4 91 59
E110 08 0 102 102
E142 00 B 102 2
E2 10 0 102 102
E4 00 B 102 2
E2 10 0 102 102
E6 00 B 102 2
E100 20 3 59 60
E52 60 5 -40 102
E56 C0 7 -61 102
E270 40 5 -40 102
E144 20 3 59 91
E54 00 A -40 102
E2 20 3 59 91
E12 00 A -40 102
E78 10 0 60 102
E40 18 9 102 102
E8 08 0 102 102
E98 0C 4 91 59
E110 02 6 102 -40
E2 00 B 102 -40
E4 02 6 102 -40
E4 00 B 102 -40
E2 02 6 102 -40
E116 00 B 102 -40
E163 02 6 102 -40
E90 00 B 102 -40
E32 04 4 91 59
E126 08 0 102 102
E96 18 9 102 102
E52 10 0 102 102
E18 30 3 59 91
E14 70 5 -40 102
E24 F0 7 -61 102
E126 00 A -40 102
E269 80 7 -61 102
E255 40 5 -40 102
E128 20 3 59 91
E96 00 A -40 102
E52 10 0 60 102
E126 18 9 102 102
E52 08 0 102 102
E2 18 9 102 102
E2 08 0 102 102
E188 C8 9 102 102
E4 08 0 102 102
E2 48 9 102 102
E6 08 0 102 102
E186 00 A 2 102
H500 00 A -40 102
H501 00 A -40 102
E1501 00 C 0 0
H501 00 C 0 0
H500 00 C 0 0
H501 00 C 0 0
>>> TRACK_OFF t=134793 elapsed=133563ms duration=133393ms lines=1761
>>> --- RAM log dump end ---
>> 